   25.2512703       0.00000000    
   25.1996899       0.00000000    
   25.1483231       0.00000000    
   25.0971622       0.00000000    
   25.0462093       0.00000000    
   24.9954624       0.00000000    
   24.9449234       0.00000000    
   24.8945866       0.00000000    
   24.8444538       0.00000000    
   24.7945194       0.00000000    
   24.7447891       0.00000000    
   24.6952553       0.00000000    
   24.6459198       0.00000000    
   24.5967808       0.00000000    
   24.5478382       0.00000000    
   24.4990902       0.00000000    
   24.4505348       0.00000000    
   24.4021740       0.00000000    
   24.3540001       0.00000000    
   24.3060188       0.00000000    
   24.2582245       0.00000000    
   24.2106190       0.00000000    
   24.1631985       0.00000000    
   24.1159649       0.00000000    
   24.0689144       0.00000000    
   24.0220490       0.00000000    
   23.9753628       0.00000000    
   23.9288616       0.00000000    
   23.8825359       0.00000000    
   23.8363934       0.00000000    
   23.7904263       0.00000000    
   23.7446365       0.00000000    
   23.6990223       0.00000000    
   23.6535854       0.00000000    
   23.6083202       0.00000000    
   23.5632286       0.00000000    
   23.5183105       0.00000000    
   23.4735603       0.00000000    
   23.4289818       0.00000000    
   23.3845711       0.00000000    
   23.3403301       0.00000000    
   23.2962551       0.00000000    
   23.2523460       0.00000000    
   23.2086029       0.00000000    
   23.1650238       0.00000000    
   23.1216068       0.00000000    
   23.0783539       0.00000000    
   23.0352612       0.00000000    
   22.9923325       0.00000000    
   22.9495602       0.00000000    
   22.9069481       0.00000000    
   22.8644943       0.00000000    
   22.8221951       0.00000000    
   22.7800522       0.00000000    
   22.7380676       0.00000000    
   22.6962357       0.00000000    
   22.6545582       0.00000000    
   22.6130333       0.00000000    
   22.5716591       0.00000000    
   22.5304375       0.00000000    
   22.4893646       0.00000000    
   22.4484444       0.00000000    
   22.4076691       0.00000000    
   22.3670444       0.00000000    
   22.3265648       0.00000000    
   22.2862320       0.00000000    
   22.2460442       0.00000000    
   22.2060032       0.00000000    
   22.1661034       0.00000000    
   22.1263485       0.00000000    
   22.0867367       0.00000000    
   22.0472641       0.00000000    
   22.0079327       0.00000000    
   21.9687443       0.00000000    
   21.9296932       0.00000000    
   21.8907795       0.00000000    
   21.8520050       0.00000000    
   21.8133659       0.00000000    
   21.7748661       0.00000000    
   21.7364998       0.00000000    
   21.6982708       0.00000000    
   21.6601734       0.00000000    
   21.6222115       0.00000000    
   21.5843792       0.00000000    
   21.5466824       0.00000000    
   21.5091171       0.00000000    
   21.4716797       0.00000000    
   21.4343739       0.00000000    
   21.3971977       0.00000000    
   21.3601513       0.00000000    
   21.3232327       0.00000000    
   21.2864399       0.00000000    
   21.2497749       0.00000000    
   21.2132359       0.00000000    
   21.1768208       0.00000000    
   21.1405334       0.00000000    
   21.1043682       0.00000000    
   21.0683270       0.00000000    
   21.0324078       0.00000000    
   20.9966125       0.00000000    
   20.9609375       0.00000000    
   20.9253845       0.00000000    
   20.8899517       0.00000000    
   20.8546391       0.00000000    
   20.8194447       0.00000000    
   20.7843685       0.00000000    
   20.7494106       0.00000000    
   20.7145710       0.00000000    
   20.6798496       0.00000000    
   20.6452408       0.00000000    
   20.6107502       0.00000000    
   20.5763741       0.00000000    
   20.5421124       0.00000000    
   20.5079632       0.00000000    
   20.4739304       0.00000000    
   20.4400063       0.00000000    
   20.4061985       0.00000000    
   20.3724995       0.00000000    
   20.3389130       0.00000000    
   20.3054371       0.00000000    
   20.2720699       0.00000000    
   20.2388134       0.00000000    
   20.2056656       0.00000000    
   20.1726265       0.00000000    
   20.1396942       0.00000000    
   20.1068707       0.00000000    
   20.0741539       0.00000000    
   20.0415421       0.00000000    
   20.0090370       0.00000000    
   19.9766369       0.00000000    
   19.9443417       0.00000000    
   19.9121513       0.00000000    
   19.8800640       0.00000000    
   19.8480797       0.00000000    
   19.8161983       0.00000000    
   19.7844200       0.00000000    
   19.7527409       0.00000000    
   19.7211666       0.00000000    
   19.6896915       0.00000000    
   19.6583157       0.00000000    
   19.6270409       0.00000000    
   19.5958652       0.00000000    
   19.5647888       0.00000000    
   19.5338097       0.00000000    
   19.5029278       0.00000000    
   19.4721470       0.00000000    
   19.4414616       0.00000000    
   19.4108715       0.00000000    
   19.3803787       0.00000000    
   19.3499813       0.00000000    
   19.3196774       0.00000000    
   19.2894707       0.00000000    
   19.2593555       0.00000000    
   19.2293377       0.00000000    
   19.1994114       0.00000000    
   19.1695786       0.00000000    
   19.1398373       0.00000000    
   19.1101894       0.00000000    
   19.0806332       0.00000000    
   19.0511665       0.00000000    
   19.0217934       0.00000000    
   18.9925098       1.00709103E-05
   18.9633141       1.02230370E-05
   18.9342098       1.03790262E-05
   18.9051933       1.05390209E-05
   18.8762703       1.07031456E-05
   18.8474312       1.08715813E-05
   18.8186798       1.10444716E-05
   18.7900200       1.12219695E-05
   18.7614441       1.14042723E-05
   18.7329540       1.15915545E-05
   18.7045536       1.17839854E-05
   18.6762371       1.19817969E-05
   18.6480064       1.21851863E-05
   18.6198597       1.23943746E-05
   18.5917988       1.26095874E-05
   18.5638256       1.28310567E-05
   18.5359325       1.30590706E-05
   18.5081234       1.32938803E-05
   18.4804001       1.35357532E-05
   18.4527569       1.37850266E-05
   18.4251976       1.40419925E-05
   18.3977203       1.43069838E-05
   18.3703232       1.45803542E-05
   18.3430119       1.48624495E-05
   18.3157787       1.51537079E-05
   18.2886257       1.54545178E-05
   18.2615547       1.57652903E-05
   18.2345638       1.60865402E-05
   18.2076511       1.64187313E-05
   18.1808186       1.67623621E-05
   18.1540642       1.71180327E-05
   18.1273899       1.74863017E-05
   18.1007919       1.78677892E-05
   18.0742722       1.82631684E-05
   18.0478325       1.86730940E-05
   18.0214672       1.90983828E-05
   17.9951801       1.95398097E-05
   17.9689713       1.99981841E-05
   17.9428368       2.04744847E-05
   17.9167767       2.09696482E-05
   17.8907948       2.14847150E-05
   17.8648853       2.20207949E-05
   17.8390541       2.25790336E-05
   17.8132973       2.31607864E-05
   17.7876129       2.37673976E-05
   17.7620029       2.44002786E-05
   17.7364674       2.50611083E-05
   17.7110043       2.57515476E-05
   17.6856155       2.64733899E-05
   17.6602974       2.72287143E-05
   17.6350517       2.80196291E-05
   17.6098785       2.88484298E-05
   17.5847778       2.97176612E-05
   17.5597496       3.06299589E-05
   17.5347900       3.15884427E-05
   17.5099030       3.25962574E-05
   17.4850864       3.36568373E-05
   17.4603405       3.47741807E-05
   17.4356632       3.59523910E-05
   17.4110546       3.71960596E-05
   17.3865166       3.85102139E-05
   17.3620491       3.99002674E-05
   17.3376484       4.13725138E-05
   17.3133163       4.29335450E-05
   17.2890549       4.45906408E-05
   17.2648602       4.63522374E-05
   17.2407322       4.82273208E-05
   17.2166729       5.02258226E-05
   17.1926785       5.23593299E-05
   17.1687508       5.46402625E-05
   17.1448917       5.70827215E-05
   17.1210976       5.97025319E-05
   17.0973701       6.25173270E-05
   17.0737076       6.55476470E-05
   17.0501099       6.88160872E-05
   17.0265808       7.23483463E-05
   17.0031128       7.61745323E-05
   16.9797096       8.03282601E-05
   16.9563713       8.48485142E-05
   16.9330978       8.97801947E-05
   16.9098892       9.51750335E-05
   16.8867416       1.01094498E-04
   16.8636589       1.07609303E-04
   16.8406391       1.14802453E-04
   16.8176823       1.22774014E-04
   16.7947865       1.31641413E-04
   16.7719555       1.41545126E-04
   16.7491837       1.52657522E-04
   16.7264748       1.65185673E-04
   16.7038269       1.79384995E-04
   16.6812401       1.95572138E-04
   16.6587162       2.14142405E-04
   16.6362514       2.35601925E-04
   16.6138477       2.60596018E-04
   16.5915051       2.89965770E-04
   16.5692215       3.24834255E-04
   16.5469971       3.66712135E-04
   16.5248337       4.17685515E-04
   16.5027294       4.80723975E-04
   16.4806824       5.60141634E-04
   16.4586945       6.62431121E-04
   16.4367657       7.97669811E-04
   16.4148979       9.81871737E-04
   16.3930855       1.24044030E-03
   16.3713303       1.60931412E-03
   16.3496342       2.11517396E-03
   16.3279953       2.69142934E-03
   16.3064137       3.14384233E-03
   16.2848873       3.50661483E-03
   16.2634201       4.13438911E-03
   16.2420082       5.34422649E-03
   16.2206535       7.36278668E-03
   16.1993542       1.00613749E-02
   16.1781120       1.20257288E-02
   16.1569233       1.12332553E-02
   16.1357899       8.51379987E-03
   16.1147156       5.93886385E-03
   16.0936928       4.13979031E-03
   16.0727253       2.97010597E-03
   16.0518112       2.20516417E-03
   16.0309525       1.69017620E-03
   16.0101490       1.33169536E-03
   15.9893990       1.07406685E-03
   15.9687023       8.83606437E-04
   15.9480600       7.39272800E-04
   15.9274702       6.27490634E-04
   15.9069328       5.39284258E-04
   15.8864489       4.68529237E-04
   15.8660173       4.10949055E-04
   15.8456392       3.63494124E-04
   15.8253126       3.23933695E-04
   15.8050385       2.90623575E-04
   15.7848167       2.62323796E-04
   15.7646456       2.38080727E-04
   15.7445259       2.17161389E-04
   15.7244596       1.98990412E-04
   15.7044420       1.83107972E-04
   15.6844759       1.69149556E-04
   15.6645603       1.56819340E-04
   15.6446953       1.45876213E-04
   15.6248817       1.36122806E-04
   15.6051168       1.27393694E-04
   15.5854025       1.19553006E-04
   15.5657387       1.12486727E-04
   15.5461235       1.06097083E-04
   15.5265579       1.00302743E-04
   15.5070410       9.50337126E-05
   15.4875727       9.02301981E-05
   15.4681549       8.58409403E-05
   15.4487848       8.18206972E-05
   15.4294634       7.81311974E-05
   15.4101906       7.47389568E-05
   15.3909655       7.16140348E-05
   15.3717880       6.87308202E-05
   15.3526592       6.60667865E-05
   15.3335772       6.36014156E-05
   15.3145418       6.13171505E-05
   15.2955542       5.91981843E-05
   15.2766132       5.72304525E-05
   15.2577209       5.54015278E-05
   15.2388735       5.36999287E-05
   15.2200727       5.21157235E-05
   15.2013197       5.06399920E-05
   15.1826115       4.92643449E-05
   15.1639490       4.79815717E-05
   15.1453342       4.67851241E-05
   15.1267614       4.56687339E-05
   15.1082382       4.46273116E-05
   15.0897579       4.36556656E-05
   15.0713234       4.27493869E-05
   15.0529346       4.19044591E-05
   15.0345898       4.11170404E-05
   15.0162897       4.03837985E-05
   14.9980345       3.97016993E-05
   14.9798222       3.90677596E-05
   14.9616556       3.84796003E-05
   14.9435329       3.79347184E-05
   14.9254532       3.74310112E-05
   14.9074183       3.69665358E-05
   14.8894262       3.65394299E-05
   14.8714771       3.61480743E-05
   14.8535728       3.57910139E-05
   14.8357105       3.54668118E-05
   14.8178911       3.51742492E-05
   14.8001156       3.49122311E-05
   14.7823792       3.46796551E-05
   14.7646885       3.44756809E-05
   14.7470398       3.42994244E-05
   14.7294321       3.41501436E-05
   14.7118673       3.40271908E-05
   14.6943445       3.39299659E-05
   14.6768627       3.38579557E-05
   14.6594229       3.38107238E-05
   14.6420231       3.37878810E-05
   14.6246662       3.37891361E-05
   14.6073503       3.38142199E-05
   14.5900745       3.38629616E-05
   14.5728407       3.39352227E-05
   14.5556469       3.40309307E-05
   14.5384932       3.41500854E-05
   14.5213814       3.42927087E-05
   14.5043077       3.44589280E-05
   14.4872751       3.46488814E-05
   14.4702835       3.48627618E-05
   14.4533291       3.51009039E-05
   14.4364166       3.53635478E-05
   14.4195423       3.56511664E-05
   14.4027081       3.59641526E-05
   14.3859138       3.63030194E-05
   14.3691578       3.66683817E-05
   14.3524408       3.70608614E-05
   14.3357639       3.74811389E-05
   14.3191233       3.79301127E-05
   14.3025236       3.84084924E-05
   14.2859621       3.89173001E-05
   14.2694359       3.94576673E-05
   14.2529516       4.00305253E-05
   14.2365036       4.06372419E-05
   14.2200937       4.12790941E-05
   14.2037220       4.19574644E-05
   14.1873875       4.26739971E-05
   14.1710901       4.34303365E-05
   14.1548319       4.42282180E-05
   14.1386080       4.50698135E-05
   14.1224241       4.59569674E-05
   14.1062756       4.68921680E-05
   14.0901642       4.78778456E-05
   14.0740910       4.89165832E-05
   14.0580530       5.00114402E-05
   14.0420513       5.11654725E-05
   14.0260878       5.23819836E-05
   14.0101585       5.36648586E-05
   13.9942656       5.50179902E-05
   13.9784107       5.64456095E-05
   13.9625883       5.79527659E-05
   13.9468040       5.95441306E-05
   13.9310551       6.12256554E-05
   13.9153414       6.30033101E-05
   13.8996639       6.48836212E-05
   13.8840208       6.68741413E-05
   13.8684130       6.89827139E-05
   13.8528404       7.12179099E-05
   13.8373013       7.35898575E-05
   13.8217993       7.61084157E-05
   13.8063307       7.87858007E-05
   13.7908974       8.16346947E-05
   13.7754993       8.46690964E-05
   13.7601337       8.79052750E-05
   13.7448034       9.13605618E-05
   13.7295074       9.50541944E-05
   13.7142448       9.90085900E-05
   13.6990156       1.03247876E-04
   13.6838217       1.07799111E-04
   13.6686592       1.12694193E-04
   13.6535330       1.17966447E-04
   13.6384382       1.23656384E-04
   13.6233768       1.29808381E-04
   13.6083508       1.36472881E-04
   13.5933561       1.43709141E-04
   13.5783939       1.51583634E-04
   13.5634661       1.60172771E-04
   13.5485697       1.69567953E-04
   13.5337076       1.79870258E-04
   13.5188761       1.91203406E-04
   13.5040779       2.03709569E-04
   13.4893131       2.17556648E-04
   13.4745798       2.32947903E-04
   13.4598780       2.50123645E-04
   13.4452095       2.69373937E-04
   13.4305725       2.91057280E-04
   13.4159670       3.15610232E-04
   13.4013939       3.43576132E-04
   13.3868504       3.75650736E-04
   13.3723402       4.12707363E-04
   13.3578615       4.55907488E-04
   13.3434134       5.06789016E-04
   13.3289976       5.67456183E-04
   13.3146114       6.40879327E-04
   13.3002567       7.31256325E-04
   13.2859344       8.44217313E-04
   13.2716398       9.85303195E-04
   13.2573795       1.15424395E-03
   13.2431479       1.34837895E-03
   13.2289467       1.58956274E-03
   13.2147770       1.92254246E-03
   13.2006369       2.40047695E-03
   13.1865263       3.09491693E-03
   13.1724472       4.08691401E-03
   13.1583977       5.35392109E-03
   13.1443777       6.57271594E-03
   13.1303883       7.55362259E-03
   13.1164265       8.93547293E-03
   13.1024971       1.15235997E-02
   13.0885954       1.56710371E-02
   13.0747242       2.02898476E-02
   13.0608826       2.16808915E-02
   13.0470695       1.80905741E-02
   13.0332861       1.30034313E-02
   13.0195322       9.01851058E-03
   13.0058050       6.36775745E-03
   12.9921093       4.64754133E-03
   12.9784412       3.50772915E-03
   12.9648018       2.72773299E-03
   12.9511919       2.17610854E-03
   12.9376097       1.77399325E-03
   12.9240561       1.47300703E-03
   12.9105320       1.24247279E-03
   12.8970346       1.06230588E-03
   12.8835659       9.19049431E-04
   12.8701258       8.03417584E-04
   12.8567123       7.08826701E-04
   12.8433285       6.30578666E-04
   12.8299713       5.65184804E-04
   12.8166428       5.10062673E-04
   12.8033419       4.63256816E-04
   12.7900677       4.23259829E-04
   12.7768211       3.88914807E-04
   12.7636032       3.59319558E-04
   12.7504101       3.33761447E-04
   12.7372465       3.11697338E-04
   12.7241096       2.92698242E-04
   12.7109995       2.76449544E-04
   12.6979170       2.62732850E-04
   12.6848602       2.51420919E-04
   12.6718311       2.42490787E-04
   12.6588287       2.36038890E-04
   12.6458530       2.32318591E-04
   12.6329031       2.31811966E-04
   12.6199808       2.35349435E-04
   12.6070833       2.44330353E-04
   12.5942135       2.61103269E-04
   12.5813694       2.89631455E-04
   12.5685520       3.36368947E-04
   12.5557613       4.10132168E-04
   12.5429955       5.14457701E-04
   12.5302553       6.20779989E-04
   12.5175419       6.69659115E-04
   12.5048532       6.76472380E-04
   12.4921913       7.10161054E-04
   12.4795551       7.53149157E-04
   12.4669428       7.06867781E-04
   12.4543581       5.68413408E-04
   12.4417973       4.29079024E-04
   12.4292622       3.28062277E-04
   12.4167528       2.60710804E-04
   12.4042683       2.15606531E-04
   12.3918085       1.84459670E-04
   12.3793745       1.62174605E-04
   12.3669634       1.45689206E-04
   12.3545790       1.33142399E-04
   12.3422194       1.23358448E-04
   12.3298836       1.15578492E-04
   12.3175735       1.09295477E-04
   12.3052874       1.04160419E-04
   12.2930250       9.99293843E-05
   12.2807884       9.64273204E-05
   12.2685757       9.35258722E-05
   12.2563868       9.11308307E-05
   12.2442236       8.91717937E-05
   12.2320814       8.75954938E-05
   12.2199659       8.63628011E-05
   12.2078733       8.54441168E-05
   12.1958055       8.48183336E-05
   12.1837616       8.44709793E-05
   12.1717405       8.43930975E-05
   12.1597433       8.45807299E-05
   12.1477699       8.50343495E-05
   12.1358194       8.57588529E-05
   12.1238937       8.67629933E-05
   12.1119900       8.80602674E-05
   12.1001110       8.96685015E-05
   12.0882549       9.16105491E-05
   12.0764217       9.39153833E-05
   12.0646114       9.66181105E-05
   12.0528250       9.97614698E-05
   12.0410614       1.03398095E-04
   12.0293198       1.07591070E-04
   12.0176029       1.12416878E-04
   12.0059061       1.17970405E-04
   11.9942341       1.24364757E-04
   11.9825840       1.31742796E-04
   11.9709568       1.40279721E-04
   11.9593525       1.50194872E-04
   11.9477701       1.61768097E-04
   11.9362106       1.75354988E-04
   11.9246731       1.91415980E-04
   11.9131575       2.10562182E-04
   11.9016647       2.33599349E-04
   11.8901939       2.61637353E-04
   11.8787451       2.96211976E-04
   11.8673191       3.39509308E-04
   11.8559141       3.94738425E-04
   11.8445311       4.66710015E-04
   11.8331709       5.62812493E-04
   11.8218307       6.94425486E-04
   11.8105135       8.78071645E-04
   11.7992182       1.13600097E-03
   11.7879429       1.50318013E-03
   11.7766905       2.02595489E-03
   11.7654591       2.67227576E-03
   11.7542486       3.21831135E-03
   11.7430611       3.58432601E-03
   11.7318935       4.13835235E-03
   11.7207470       5.10142371E-03
   11.7096233       5.97273791E-03
   11.6985188       5.71738835E-03
   11.6874361       4.44116862E-03
   11.6763744       3.13778268E-03
   11.6653328       2.20327079E-03
   11.6543140       1.59110676E-03
   11.6433144       1.19008380E-03
   11.6323357       9.20117134E-04
   11.6213789       7.32288230E-04
   11.6104412       5.97400067E-04
   11.5995245       4.97788715E-04
   11.5886288       4.22433222E-04
   11.5777521       3.64227191E-04
   11.5668974       3.18491861E-04
   11.5560627       2.82019522E-04
   11.5452480       2.52586178E-04
   11.5344543       2.28607532E-04
   11.5236797       2.08930040E-04
   11.5129251       1.92709049E-04
   11.5021915       1.79314608E-04
   11.4914770       1.68269966E-04
   11.4807835       1.59221163E-04
   11.4701090       1.51897417E-04
   11.4594545       1.46100676E-04
   11.4488201       1.41688943E-04
   11.4382048       1.38567091E-04
   11.4276094       1.36683753E-04
   11.4170351       1.36027666E-04
   11.4064789       1.36628645E-04
   11.3959417       1.38561547E-04
   11.3854256       1.41952958E-04
   11.3749266       1.46994847E-04
   11.3644485       1.53959380E-04
   11.3539896       1.63232500E-04
   11.3435497       1.75352397E-04
   11.3331289       1.91076819E-04
   11.3227272       2.11492472E-04
   11.3123446       2.38177061E-04
   11.3019819       2.73480866E-04
   11.2916365       3.21018248E-04
   11.2813110       3.86459404E-04
   11.2710047       4.79019422E-04
   11.2607164       6.13740413E-04
   11.2504482       8.14241706E-04
   11.2401972       1.11157168E-03
   11.2299652       1.52205233E-03
   11.2197533       1.96387735E-03
   11.2095585       2.22282833E-03
   11.1993818       2.31429795E-03
   11.1892252       2.50778347E-03
   11.1790848       2.77544511E-03
   11.1689644       2.69525498E-03
   11.1588621       2.15392024E-03
   11.1487770       1.54612795E-03
   11.1387119       1.09388819E-03
   11.1286640       7.93832471E-04
   11.1186333       5.96356462E-04
   11.1086226       4.63017466E-04
   11.0986280       3.69906164E-04
   11.0886526       3.02754022E-04
   11.0786953       2.52875936E-04
   11.0687542       2.14862375E-04
   11.0588331       1.85248762E-04
   11.0489283       1.61723467E-04
   11.0390415       1.42718898E-04
   11.0291729       1.27138861E-04
   11.0193214       1.14196737E-04
   11.0094881       1.03321625E-04
   10.9996719       9.40891332E-05
   10.9898720       8.61763911E-05
   10.9800920       7.93398431E-05
   10.9703274       7.33867782E-05
   10.9605808       6.81675447E-05
   10.9508524       6.35630713E-05
   10.9411402       5.94767698E-05
   10.9314451       5.58312968E-05
   10.9217672       5.25630676E-05
   10.9121075       4.96199245E-05
   10.9024639       4.69579318E-05
   10.8928375       4.45409605E-05
   10.8832283       4.23385791E-05
   10.8736353       4.03245576E-05
   10.8640594       3.84770465E-05
   10.8545008       3.67771863E-05
   10.8449593       3.52088755E-05
   10.8354340       3.37578749E-05
   10.8259258       3.24121611E-05
   10.8164339       3.11611439E-05
   10.8069592       2.99956537E-05
   10.7975006       2.89073832E-05
   10.7880583       2.78892730E-05
   10.7786322       2.69349803E-05
   10.7692242       2.60389679E-05
   10.7598314       2.51961101E-05
   10.7504549       2.44020193E-05
   10.7410955       2.36527667E-05
   10.7317514       2.29446705E-05
   10.7224236       2.22745766E-05
   10.7131128       2.16395892E-05
   10.7038183       2.10371363E-05
   10.6945391       2.04647640E-05
   10.6852760       1.99203641E-05
   10.6760292       1.94019904E-05
   10.6667986       1.89078946E-05
   10.6575832       1.84363798E-05
   10.6483841       1.79859981E-05
   10.6392012       1.75553905E-05
   10.6300344       1.71433421E-05
   10.6208830       1.67486378E-05
   10.6117468       1.63702553E-05
   10.6026268       1.60072195E-05
   10.5935230       1.56586648E-05
   10.5844336       1.53236979E-05
   10.5753603       1.50015803E-05
   10.5663033       1.46916209E-05
   10.5572605       1.43931111E-05
   10.5482340       1.41054588E-05
   10.5392227       1.38280921E-05
   10.5302277       1.35604969E-05
   10.5212469       1.33021313E-05
   10.5122814       1.30525550E-05
   10.5033312       1.28113306E-05
   10.4943972       1.25780716E-05
   10.4854774       1.23523587E-05
   10.4765720       1.21338544E-05
   10.4676828       1.19222223E-05
   10.4588089       1.17171639E-05
   10.4499502       1.15183493E-05
   10.4411058       1.13255173E-05
   10.4322758       1.11384070E-05
   10.4234619       1.09567809E-05
   10.4146624       1.07803817E-05
   10.4058781       1.06089992E-05
   10.3971090       1.04424389E-05
   10.3883533       1.02804779E-05
   10.3796129       1.01229434E-05
   10.3708878       0.00000000    
   10.3621769       0.00000000    
   10.3534803       0.00000000    
   10.3447981       0.00000000    
   10.3361311       0.00000000    
   10.3274794       0.00000000    
   10.3188410       0.00000000    
   10.3102169       0.00000000    
   10.3016071       0.00000000    
   10.2930126       0.00000000    
   10.2844324       0.00000000    
   10.2758656       0.00000000    
   10.2673130       0.00000000    
   10.2587757       0.00000000    
   10.2502518       0.00000000    
   10.2417421       0.00000000    
   10.2332478       0.00000000    
   10.2247658       0.00000000    
   10.2162981       0.00000000    
   10.2078447       0.00000000    
   10.1994057       0.00000000    
   10.1909809       0.00000000    
   10.1825686       0.00000000    
   10.1741714       0.00000000    
   10.1657877       0.00000000    
   10.1574183       0.00000000    
   10.1490612       0.00000000    
   10.1407194       0.00000000    
   10.1323910       0.00000000    
   10.1240759       0.00000000    
   10.1157742       0.00000000    
   10.1074867       0.00000000    
   10.0992126       0.00000000    
   10.0909510       0.00000000    
   10.0827036       0.00000000    
   10.0744705       0.00000000    
   10.0662508       0.00000000    
   10.0580435       0.00000000    
   10.0498495       0.00000000    
   10.0416698       0.00000000    
   10.0335026       0.00000000    
   10.0253487       0.00000000    
   10.0172091       0.00000000    
   10.0090818       0.00000000    
   10.0009680       0.00000000    
   9.99286652       0.00000000    
   9.98477936       0.00000000    
   9.97670460       0.00000000    
   9.96864319       0.00000000    
   9.96059418       0.00000000    
   9.95255947       0.00000000    
   9.94453621       0.00000000    
   9.93652630       0.00000000    
   9.92852974       0.00000000    
   9.92054653       0.00000000    
   9.91257477       0.00000000    
   9.90461636       0.00000000    
   9.89667034       0.00000000    
   9.88873863       0.00000000    
   9.88081837       0.00000000    
   9.87291050       0.00000000    
   9.86501503       0.00000000    
   9.85713387       0.00000000    
   9.84926414       0.00000000    
   9.84140682       0.00000000    
   9.83356190       0.00000000    
   9.82573032       0.00000000    
   9.81791115       0.00000000    
   9.81010342       0.00000000    
   9.80230904       0.00000000    
   9.79452705       0.00000000    
   9.78675652       0.00000000    
   9.77899933       0.00000000    
   9.77125454       0.00000000    
   9.76352119       0.00000000    
   9.75580025       0.00000000    
   9.74809074       0.00000000    
   9.74039459       0.00000000    
   9.73271084       0.00000000    
   9.72503757       0.00000000    
   9.71737766       0.00000000    
   9.70973015       0.00000000    
   9.70209408       0.00000000    
   9.69446945       0.00000000    
   9.68685818       0.00000000    
   9.67925739       0.00000000    
   9.67166901       0.00000000    
   9.66409302       0.00000000    
   9.65652943       0.00000000    
   9.64897633       0.00000000    
   9.64143467       0.00000000    
   9.63390541       0.00000000    
   9.62638855       0.00000000    
   9.61888409       0.00000000    
   9.61138916       0.00000000    
   9.60390568       0.00000000    
   9.59643555       0.00000000    
   9.58897781       0.00000000    
   9.58153057       0.00000000    
   9.57409382       0.00000000    
   9.56667042       0.00000000    
   9.55925655       0.00000000    
   9.55185604       0.00000000    
   9.54446602       0.00000000    
   9.53708839       0.00000000    
   9.52972031       0.00000000    
   9.52236366       0.00000000    
   9.51502037       0.00000000    
   9.50768757       0.00000000    
   9.50036621       0.00000000    
   9.49305534       0.00000000    
   9.48575592       0.00000000    
   9.47846794       0.00000000    
   9.47119141       0.00000000    
   9.46392632       0.00000000    
   9.45667171       0.00000000    
   9.44942760       0.00000000    
   9.44219494       0.00000000    
   9.43497372       0.00000000    
   9.42776394       0.00000000    
   9.42056561       0.00000000    
   9.41337681       0.00000000    
   9.40619946       0.00000000    
   9.39903259       0.00000000    
   9.39187813       0.00000000    
   9.38473415       0.00000000    
   9.37760067       0.00000000    
   9.37047672       0.00000000    
   9.36336422       0.00000000    
   9.35626316       0.00000000    
   9.34917355       0.00000000    
   9.34209442       0.00000000    
   9.33502483       0.00000000    
   9.32796574       0.00000000    
   9.32091808       0.00000000    
   9.31388187       0.00000000    
   9.30685616       0.00000000    
   9.29983902       0.00000000    
   9.29283428       0.00000000    
   9.28583908       0.00000000    
   9.27885532       0.00000000    
   9.27188206       0.00000000    
   9.26491928       0.00000000    
   9.25796604       0.00000000    
   9.25102329       0.00000000    
   9.24409199       0.00000000    
   9.23717022       0.00000000    
   9.23025990       0.00000000    
   9.22335815       0.00000000    
   9.21646786       0.00000000    
   9.20958710       0.00000000    
   9.20271778       0.00000000    
   9.19585896       0.00000000    
   9.18900967       0.00000000    
   9.18216991       0.00000000    
   9.17533970       0.00000000    
   9.16852093       0.00000000    
   9.16171265       0.00000000    
   9.15491390       0.00000000    
   9.14812469       0.00000000    
   9.14134693       0.00000000    
   9.13457775       0.00000000    
   9.12781906       0.00000000    
   9.12107086       0.00000000    
   9.11433315       0.00000000    
   9.10760403       0.00000000    
   9.10088444       0.00000000    
   9.09417629       0.00000000    
   9.08747768       0.00000000    
   9.08078861       0.00000000    
   9.07410908       0.00000000    
   9.06743908       0.00000000    
   9.06077957       0.00000000    
   9.05413055       0.00000000    
   9.04749107       0.00000000    
   9.04086113       0.00000000    
   9.03423977       0.00000000    
   9.02762794       0.00000000    
   9.02102661       0.00000000    
   9.01443577       0.00000000    
   9.00785446       0.00000000    
   9.00128078       0.00000000    
   8.99471760       0.00000000    
   8.98816490       0.00000000    
   8.98162174       0.00000000    
   8.97508812       0.00000000    
   8.96856213       0.00000000    
   8.96204758       0.00000000    
   8.95554161       0.00000000    
   8.94904518       0.00000000    
   8.94255924       0.00000000    
   8.93608189       0.00000000    
   8.92961311       0.00000000    
   8.92315388       0.00000000    
   8.91670418       0.00000000    
   8.91026497       0.00000000    
   8.90383434       0.00000000    
   8.89741230       0.00000000    
   8.89100075       0.00000000    
   8.88459682       0.00000000    
   8.87820339       0.00000000    
   8.87181950       0.00000000    
   8.86544418       0.00000000    
   8.85907745       0.00000000    
   8.85271931       0.00000000    
   8.84637165       0.00000000    
   8.84003258       0.00000000    
   8.83370399       0.00000000    
   8.82738209       0.00000000    
   8.82107067       0.00000000    
   8.81476784       0.00000000    
   8.80847359       0.00000000    
   8.80218983       0.00000000    
   8.79591465       0.00000000    
   8.78964710       0.00000000    
   8.78338814       0.00000000    
   8.77713966       0.00000000    
   8.77089977       0.00000000    
   8.76466846       0.00000000    
   8.75844574       0.00000000    
   8.75223160       0.00000000    
   8.74602699       0.00000000    
   8.73983192       0.00000000    
   8.73364449       0.00000000    
   8.72746563       0.00000000    
   8.72129631       0.00000000    
   8.71513462       0.00000000    
   8.70898247       0.00000000    
   8.70283890       0.00000000    
   8.69670486       0.00000000    
   8.69057751       0.00000000    
   8.68445969       0.00000000    
   8.67835045       0.00000000    
   8.67225075       0.00000000    
   8.66615868       0.00000000    
   8.66007519       0.00000000    
   8.65400028       0.00000000    
   8.64793396       0.00000000    
   8.64187622       0.00000000    
   8.63582706       0.00000000    
   8.62978649       0.00000000    
   8.62375355       0.00000000    
   8.61772919       0.00000000    
   8.61171341       0.00000000    
   8.60570717       0.00000000    
   8.59970856       0.00000000    
   8.59371758       0.00000000    
   8.58773518       0.00000000    
   8.58176136       0.00000000    
   8.57579613       0.00000000    
   8.56983852       0.00000000    
   8.56389046       0.00000000    
   8.55794907       0.00000000    
   8.55201626       0.00000000    
   8.54609203       0.00000000    
   8.54017639       0.00000000    
   8.53426933       0.00000000    
   8.52836895       0.00000000    
   8.52247620       0.00000000    
   8.51659298       0.00000000    
   8.51071835       0.00000000    
   8.50485134       0.00000000    
   8.49899197       0.00000000    
   8.49314117       0.00000000    
   8.48729801       0.00000000    
   8.48146343       0.00000000    
   8.47563648       0.00000000    
   8.46981812       0.00000000    
   8.46400642       0.00000000    
   8.45820236       0.00000000    
   8.45240784       0.00000000    
   8.44662094       0.00000000    
   8.44084263       0.00000000    
   8.43507099       0.00000000    
   8.42930794       0.00000000    
   8.42355156       0.00000000    
   8.41780376       0.00000000    
   8.41206455       0.00000000    
   8.40633297       0.00000000    
   8.40060806       0.00000000    
   8.39489174       0.00000000    
   8.38918304       0.00000000    
   8.38348293       0.00000000    
   8.37778950       0.00000000    
   8.37210369       0.00000000    
   8.36642647       0.00000000    
   8.36075592       0.00000000    
   8.35509396       0.00000000    
   8.34943962       0.00000000    
   8.34379292       0.00000000    
   8.33815289       0.00000000    
   8.33252048       0.00000000    
   8.32689667       0.00000000    
   8.32128048       0.00000000    
   8.31567192       0.00000000    
   8.31007004       0.00000000    
   8.30447578       0.00000000    
   8.29888916       0.00000000    
   8.29331112       0.00000000    
   8.28773975       0.00000000    
   8.28217602       0.00000000    
   8.27661896       0.00000000    
   8.27106953       0.00000000    
   8.26552868       0.00000000    
   8.25999451       0.00000000    
   8.25446796       0.00000000    
   8.24894905       0.00000000    
   8.24343586       0.00000000    
   8.23793221       0.00000000    
   8.23243523       0.00000000    
   8.22694492       0.00000000    
   8.22146225       0.00000000    
   8.21598721       0.00000000    
   8.21051884       0.00000000    
   8.20505810       0.00000000    
   8.19960499       0.00000000    
   8.19415951       0.00000000    
   8.18871975       0.00000000    
   8.18328762       0.00000000    
   8.17786312       0.00000000    
   8.17244625       0.00000000    
   8.16703606       0.00000000    
   8.16163254       0.00000000    
   8.15623760       0.00000000    
   8.15084743       0.00000000    
   8.14546680       0.00000000    
   8.14009190       0.00000000    
   8.13472557       0.00000000    
   8.12936401       0.00000000    
   8.12401009       0.00000000    
   8.11866474       0.00000000    
   8.11332512       0.00000000    
   8.10799313       0.00000000    
   8.10266781       0.00000000    
   8.09735012       0.00000000    
   8.09203815       0.00000000    
   8.08673382       0.00000000    
   8.08143711       0.00000000    
   8.07614708       0.00000000    
   8.07086277       0.00000000    
   8.06558609       0.00000000    
   8.06031609       0.00000000    
   8.05505371       0.00000000    
   8.04979801       0.00000000    
   8.04454899       0.00000000    
   8.03930569       0.00000000    
   8.03407097       0.00000000    
   8.02884197       0.00000000    
   8.02362061       0.00000000    
   8.01840496       0.00000000    
   8.01319790       0.00000000    
   8.00799561       0.00000000    
   8.00280094       0.00000000    
   7.99761343       0.00000000    
   7.99243259       0.00000000    
   7.98725748       0.00000000    
   7.98208904       0.00000000    
   7.97692823       0.00000000    
   7.97177362       0.00000000    
   7.96662617       0.00000000    
   7.96148443       0.00000000    
   7.95635033       0.00000000    
   7.95122194       0.00000000    
   7.94610071       0.00000000    
   7.94098616       0.00000000    
   7.93587828       0.00000000    
   7.93077612       0.00000000    
   7.92568064       0.00000000    
   7.92059231       0.00000000    
   7.91551065       0.00000000    
   7.91043568       0.00000000    
   7.90536594       0.00000000    
   7.90030384       0.00000000    
   7.89524746       0.00000000    
   7.89019823       0.00000000    
   7.88515568       0.00000000    
   7.88011932       0.00000000    
   7.87508821       0.00000000    
   7.87006426       0.00000000    
   7.86504698       0.00000000    
   7.86003637       0.00000000    
   7.85503197       0.00000000    
   7.85003328       0.00000000    
   7.84504080       0.00000000    
   7.84005594       0.00000000    
   7.83507681       0.00000000    
   7.83010435       0.00000000    
   7.82513714       0.00000000    
   7.82017708       0.00000000    
   7.81522274       0.00000000    
   7.81027508       0.00000000    
   7.80533409       0.00000000    
   7.80039930       0.00000000    
   7.79546976       0.00000000    
   7.79054642       0.00000000    
   7.78563023       0.00000000    
   7.78072023       0.00000000    
   7.77581644       0.00000000    
   7.77091789       0.00000000    
   7.76602650       0.00000000    
   7.76114035       0.00000000    
   7.75626087       0.00000000    
   7.75138807       0.00000000    
   7.74652100       0.00000000    
   7.74165916       0.00000000    
   7.73680401       0.00000000    
   7.73195505       0.00000000    
   7.72711277       0.00000000    
   7.72227621       0.00000000    
   7.71744490       0.00000000    
   7.71262026       0.00000000    
   7.70780134       0.00000000    
   7.70298862       0.00000000    
   7.69818258       0.00000000    
   7.69338179       0.00000000    
   7.68858671       0.00000000    
   7.68379784       0.00000000    
   7.67901516       0.00000000    
   7.67423868       0.00000000    
   7.66946793       0.00000000    
   7.66470242       0.00000000    
   7.65994310       0.00000000    
   7.65519047       0.00000000    
   7.65044355       0.00000000    
   7.64570236       0.00000000    
   7.64096689       0.00000000    
   7.63623714       0.00000000    
   7.63151264       0.00000000    
   7.62679529       0.00000000    
   7.62208319       0.00000000    
   7.61737728       0.00000000    
   7.61267662       0.00000000    
   7.60798120       0.00000000    
   7.60329294       0.00000000    
   7.59860992       0.00000000    
   7.59393263       0.00000000    
   7.58926105       0.00000000    
   7.58459520       0.00000000    
   7.57993460       0.00000000    
   7.57528067       0.00000000    
   7.57063198       0.00000000    
   7.56598949       0.00000000    
   7.56135178       0.00000000    
   7.55671978       0.00000000    
   7.55209398       0.00000000    
   7.54747391       0.00000000    
   7.54285955       0.00000000    
   7.53825045       0.00000000    
   7.53364706       0.00000000    
   7.52904892       0.00000000    
   7.52445745       0.00000000    
   7.51987123       0.00000000    
   7.51529026       0.00000000    
   7.51071453       0.00000000    
   7.50614452       0.00000000    
   7.50158024       0.00000000    
   7.49702215       0.00000000    
   7.49246883       0.00000000    
   7.48792124       0.00000000    
   7.48337936       0.00000000    
   7.47884226       0.00000000    
   7.47431135       0.00000000    
   7.46978617       0.00000000    
   7.46526623       0.00000000    
   7.46075106       0.00000000    
   7.45624161       0.00000000    
   7.45173788       0.00000000    
   7.44723988       0.00000000    
   7.44274712       0.00000000    
   7.43825912       0.00000000    
   7.43377686       0.00000000    
   7.42930031       0.00000000    
   7.42482948       0.00000000    
   7.42036390       0.00000000    
   7.41590261       0.00000000    
   7.41144800       0.00000000    
   7.40699768       0.00000000    
   7.40255356       0.00000000    
   7.39811468       0.00000000    
   7.39368105       0.00000000    
   7.38925171       0.00000000    
   7.38482809       0.00000000    
   7.38041067       0.00000000    
   7.37599802       0.00000000    
   7.37159109       0.00000000    
   7.36718845       0.00000000    
   7.36279202       0.00000000    
   7.35839987       0.00000000    
   7.35401392       0.00000000    
   7.34963274       0.00000000    
   7.34525728       0.00000000    
   7.34088612       0.00000000    
   7.33652020       0.00000000    
   7.33216000       0.00000000    
   7.32780504       0.00000000    
   7.32345533       0.00000000    
   7.31911039       0.00000000    
   7.31477070       0.00000000    
   7.31043577       0.00000000    
   7.30610657       0.00000000    
   7.30178261       0.00000000    
   7.29746389       0.00000000    
   7.29314947       0.00000000    
   7.28883982       0.00000000    
   7.28453636       0.00000000    
   7.28023767       0.00000000    
   7.27594423       0.00000000    
   7.27165556       0.00000000    
   7.26737118       0.00000000    
   7.26309299       0.00000000    
   7.25881958       0.00000000    
   7.25455141       0.00000000    
   7.25028753       0.00000000    
   7.24602938       0.00000000    
   7.24177551       0.00000000    
   7.23752737       0.00000000    
   7.23328400       0.00000000    
   7.22904587       0.00000000    
   7.22481203       0.00000000    
   7.22058296       0.00000000    
   7.21635962       0.00000000    
   7.21214104       0.00000000    
   7.20792770       0.00000000    
   7.20371819       0.00000000    
   7.19951439       0.00000000    
   7.19531488       0.00000000    
   7.19112110       0.00000000    
   7.18693209       0.00000000    
   7.18274784       0.00000000    
   7.17856789       0.00000000    
   7.17439318       0.00000000    
   7.17022371       0.00000000    
   7.16605854       0.00000000    
   7.16189909       0.00000000    
   7.15774298       0.00000000    
   7.15359306       0.00000000    
   7.14944696       0.00000000    
   7.14530611       0.00000000    
   7.14117050       0.00000000    
   7.13703918       0.00000000    
   7.13291264       0.00000000    
   7.12879038       0.00000000    
   7.12467384       0.00000000    
   7.12056160       0.00000000    
   7.11645460       0.00000000    
   7.11235142       0.00000000    
   7.10825300       0.00000000    
   7.10415983       0.00000000    
   7.10007143       0.00000000    
   7.09598780       0.00000000    
   7.09190893       0.00000000    
   7.08783388       0.00000000    
   7.08376360       0.00000000    
   7.07969904       0.00000000    
   7.07563877       0.00000000    
   7.07158279       0.00000000    
   7.06753159       0.00000000    
   7.06348467       0.00000000    
   7.05944300       0.00000000    
   7.05540562       0.00000000    
   7.05137348       0.00000000    
   7.04734468       0.00000000    
   7.04332161       0.00000000    
   7.03930235       0.00000000    
   7.03528833       0.00000000    
   7.03127861       0.00000000    
   7.02727413       0.00000000    
   7.02327299       0.00000000    
   7.01927662       0.00000000    
   7.01528502       0.00000000    
   7.01129866       0.00000000    
   7.00731611       0.00000000    
   7.00333786       0.00000000    
   6.99936485       0.00000000    
   6.99539566       0.00000000    
   6.99143124       0.00000000    
   6.98747158       0.00000000    
   6.98351622       0.00000000    
   6.97956514       0.00000000    
   6.97561884       0.00000000    
   6.97167683       0.00000000    
   6.96773958       0.00000000    
   6.96380568       0.00000000    
   6.95987749       0.00000000    
   6.95595360       0.00000000    
   6.95203304       0.00000000    
   6.94811821       0.00000000    
   6.94420719       0.00000000    
   6.94030046       0.00000000    
   6.93639851       0.00000000    
   6.93250084       0.00000000    
   6.92860699       0.00000000    
   6.92471790       0.00000000    
   6.92083311       0.00000000    
   6.91695309       0.00000000    
   6.91307688       0.00000000    
   6.90920496       0.00000000    
   6.90533781       0.00000000    
   6.90147495       0.00000000    
   6.89761591       0.00000000    
   6.89376211       0.00000000    
   6.88991165       0.00000000    
   6.88606596       0.00000000    
   6.88222456       0.00000000    
   6.87838745       0.00000000    
   6.87455463       0.00000000    
   6.87072611       0.00000000    
   6.86690140       0.00000000    
   6.86308146       0.00000000    
   6.85926580       0.00000000    
   6.85545397       0.00000000    
   6.85164642       0.00000000    
   6.84784317       0.00000000    
   6.84404421       0.00000000    
   6.84025002       0.00000000    
   6.83645916       0.00000000    
   6.83267260       0.00000000    
   6.82889080       0.00000000    
   6.82511234       0.00000000    
   6.82133913       0.00000000    
   6.81756973       0.00000000    
   6.81380367       0.00000000    
   6.81004286       0.00000000    
   6.80628538       0.00000000    
   6.80253267       0.00000000    
   6.79878378       0.00000000    
   6.79503870       0.00000000    
   6.79129839       0.00000000    
   6.78756189       0.00000000    
   6.78382921       0.00000000    
   6.78010130       0.00000000    
   6.77637672       0.00000000    
   6.77265692       0.00000000    
   6.76894093       0.00000000    
   6.76522875       0.00000000    
   6.76152086       0.00000000    
   6.75781727       0.00000000    
   6.75411749       0.00000000    
   6.75042200       0.00000000    
   6.74673033       0.00000000    
   6.74304247       0.00000000    
   6.73935890       0.00000000    
   6.73567915       0.00000000    
   6.73200369       0.00000000    
   6.72833252       0.00000000    
   6.72466469       0.00000000    
   6.72100115       0.00000000    
   6.71734190       0.00000000    
   6.71368599       0.00000000    
   6.71003437       0.00000000    
   6.70638657       0.00000000    
   6.70274305       0.00000000    
   6.69910383       0.00000000    
   6.69546747       0.00000000    
   6.69183588       0.00000000    
   6.68820810       0.00000000    
   6.68458414       0.00000000    
   6.68096399       0.00000000    
   6.67734814       0.00000000    
   6.67373562       0.00000000    
   6.67012787       0.00000000    
   6.66652298       0.00000000    
   6.66292286       0.00000000    
   6.65932608       0.00000000    
   6.65573311       0.00000000    
   6.65214443       0.00000000    
   6.64855957       0.00000000    
   6.64497852       0.00000000    
   6.64140129       0.00000000    
   6.63782740       0.00000000    
   6.63425827       0.00000000    
   6.63069248       0.00000000    
   6.62713051       0.00000000    
   6.62357235       0.00000000    
   6.62001848       0.00000000    
   6.61646748       0.00000000    
   6.61292124       0.00000000    
   6.60937881       0.00000000    
   6.60583925       0.00000000    
   6.60230398       0.00000000    
   6.59877253       0.00000000    
   6.59524488       0.00000000    
   6.59172106       0.00000000    
   6.58820057       0.00000000    
   6.58468437       0.00000000    
   6.58117199       0.00000000    
   6.57766247       0.00000000    
   6.57415771       0.00000000    
   6.57065582       0.00000000    
   6.56715822       0.00000000    
   6.56366444       0.00000000    
   6.56017399       0.00000000    
   6.55668783       0.00000000    
   6.55320501       0.00000000    
   6.54972553       0.00000000    
   6.54625034       0.00000000    
   6.54277849       0.00000000    
   6.53931046       0.00000000    
   6.53584623       0.00000000    
   6.53238487       0.00000000    
   6.52892828       0.00000000    
   6.52547503       0.00000000    
   6.52202463       0.00000000    
   6.51857901       0.00000000    
   6.51513624       0.00000000    
   6.51169729       0.00000000    
   6.50826216       0.00000000    
   6.50483036       0.00000000    
   6.50140238       0.00000000    
   6.49797821       0.00000000    
   6.49455738       0.00000000    
   6.49114037       0.00000000    
   6.48772669       0.00000000    
   6.48431635       0.00000000    
   6.48091030       0.00000000    
   6.47750759       0.00000000    
   6.47410822       0.00000000    
   6.47071266       0.00000000    
   6.46731997       0.00000000    
   6.46393156       0.00000000    
   6.46054697       0.00000000    
   6.45716524       0.00000000    
   6.45378733       0.00000000    
   6.45041323       0.00000000    
   6.44704199       0.00000000    
   6.44367456       0.00000000    
   6.44031048       0.00000000    
   6.43695021       0.00000000    
   6.43359375       0.00000000    
   6.43024015       0.00000000    
   6.42689037       0.00000000    
   6.42354393       0.00000000    
   6.42020082       0.00000000    
   6.41686153       0.00000000    
   6.41352606       0.00000000    
   6.41019344       0.00000000    
   6.40686464       0.00000000    
   6.40353870       0.00000000    
   6.40021658       0.00000000    
   6.39689827       0.00000000    
   6.39358282       0.00000000    
   6.39027119       0.00000000    
   6.38696289       0.00000000    
   6.38365746       0.00000000    
   6.38035631       0.00000000    
   6.37705851       0.00000000    
   6.37376356       0.00000000    
   6.37047243       0.00000000    
   6.36718416       0.00000000    
   6.36389971       0.00000000    
   6.36061907       0.00000000    
   6.35734081       0.00000000    
   6.35406685       0.00000000    
   6.35079575       0.00000000    
   6.34752798       0.00000000    
   6.34426403       0.00000000    
   6.34100294       0.00000000    
   6.33774519       0.00000000    
   6.33449125       0.00000000    
   6.33124018       0.00000000    
   6.32799292       0.00000000    
   6.32474899       0.00000000    
   6.32150793       0.00000000    
   6.31827021       0.00000000    
   6.31503630       0.00000000    
   6.31180525       0.00000000    
   6.30857754       0.00000000    
   6.30535316       0.00000000    
   6.30213213       0.00000000    
   6.29891443       0.00000000    
   6.29570007       0.00000000    
   6.29248905       0.00000000    
   6.28928137       0.00000000    
   6.28607607       0.00000000    
   6.28287506       0.00000000    
   6.27967644       0.00000000    
   6.27648211       0.00000000    
   6.27329063       0.00000000    
   6.27010202       0.00000000    
   6.26691675       0.00000000    
   6.26373529       0.00000000    
   6.26055622       0.00000000    
   6.25738096       0.00000000    
   6.25420904       0.00000000    
   6.25103951       0.00000000    
   6.24787426       0.00000000    
   6.24471140       0.00000000    
   6.24155188       0.00000000    
   6.23839617       0.00000000    
   6.23524284       0.00000000    
   6.23209286       0.00000000    
   6.22894669       0.00000000    
   6.22580290       0.00000000    
   6.22266293       0.00000000    
   6.21952534       0.00000000    
   6.21639156       0.00000000    
   6.21326113       0.00000000    
   6.21013308       0.00000000    
   6.20700884       0.00000000    
   6.20388746       0.00000000    
   6.20076895       0.00000000    
   6.19765425       0.00000000    
   6.19454241       0.00000000    
   6.19143295       0.00000000    
   6.18832779       0.00000000    
   6.18522453       0.00000000    
   6.18212557       0.00000000    
   6.17902899       0.00000000    
   6.17593575       0.00000000    
   6.17284536       0.00000000    
   6.16975880       0.00000000    
   6.16667414       0.00000000    
   6.16359377       0.00000000    
   6.16051531       0.00000000    
   6.15744066       0.00000000    
   6.15436935       0.00000000    
   6.15130043       0.00000000    
   6.14823484       0.00000000    
   6.14517260       0.00000000    
   6.14211273       0.00000000    
   6.13905668       0.00000000    
   6.13600302       0.00000000    
   6.13295269       0.00000000    
   6.12990522       0.00000000    
   6.12686062       0.00000000    
   6.12381983       0.00000000    
   6.12078142       0.00000000    
   6.11774588       0.00000000    
   6.11471415       0.00000000    
   6.11168480       0.00000000    
   6.10865831       0.00000000    
   6.10563517       0.00000000    
   6.10261488       0.00000000    
   6.09959745       0.00000000    
   6.09658337       0.00000000    
   6.09357214       0.00000000    
   6.09056377       0.00000000    
   6.08755875       0.00000000    
   6.08455610       0.00000000    
   6.08155680       0.00000000    
   6.07856035       0.00000000    
   6.07556629       0.00000000    
   6.07257605       0.00000000    
   6.06958818       0.00000000    
   6.06660366       0.00000000    
   6.06362200       0.00000000    
   6.06064272       0.00000000    
   6.05766726       0.00000000    
   6.05469418       0.00000000    
   6.05172396       0.00000000    
   6.04875708       0.00000000    
   6.04579210       0.00000000    
   6.04283094       0.00000000    
   6.03987265       0.00000000    
   6.03691721       0.00000000    
   6.03396463       0.00000000    
   6.03101492       0.00000000    
   6.02806759       0.00000000    
   6.02512407       0.00000000    
   6.02218294       0.00000000    
   6.01924419       0.00000000    
   6.01630926       0.00000000    
   6.01337624       0.00000000    
   6.01044655       0.00000000    
   6.00752020       0.00000000    
   6.00459576       0.00000000    
   6.00167465       0.00000000    
   5.99875641       0.00000000    
   5.99584103       0.00000000    
   5.99292850       0.00000000    
   5.99001884       0.00000000    
   5.98711157       0.00000000    
   5.98420763       0.00000000    
   5.98130608       0.00000000    
   5.97840738       0.00000000    
   5.97551203       0.00000000    
   5.97261858       0.00000000    
   5.96972895       0.00000000    
   5.96684170       0.00000000    
   5.96395683       0.00000000    
   5.96107531       0.00000000    
   5.95819616       0.00000000    
   5.95531988       0.00000000    
   5.95244646       0.00000000    
   5.94957590       0.00000000    
   5.94670820       0.00000000    
   5.94384289       0.00000000    
   5.94098043       0.00000000    
   5.93812084       0.00000000    
   5.93526459       0.00000000    
   5.93241024       0.00000000    
   5.92955875       0.00000000    
   5.92671013       0.00000000    
   5.92386436       0.00000000    
   5.92102146       0.00000000    
   5.91818047       0.00000000    
   5.91534281       0.00000000    
   5.91250801       0.00000000    
   5.90967560       0.00000000    
   5.90684652       0.00000000    
   5.90401936       0.00000000    
   5.90119505       0.00000000    
   5.89837408       0.00000000    
   5.89555502       0.00000000    
   5.89273930       0.00000000    
   5.88992596       0.00000000    
   5.88711500       0.00000000    
   5.88430691       0.00000000    
   5.88150215       0.00000000    
   5.87869883       0.00000000    
   5.87589931       0.00000000    
   5.87310171       0.00000000    
   5.87030697       0.00000000    
   5.86751556       0.00000000    
   5.86472559       0.00000000    
   5.86193943       0.00000000    
   5.85915518       0.00000000    
   5.85637379       0.00000000    
   5.85359526       0.00000000    
   5.85081863       0.00000000    
   5.84804535       0.00000000    
   5.84527493       0.00000000    
   5.84250641       0.00000000    
   5.83974075       0.00000000    
   5.83697796       0.00000000    
   5.83421755       0.00000000    
   5.83145952       0.00000000    
   5.82870483       0.00000000    
   5.82595205       0.00000000    
   5.82320213       0.00000000    
   5.82045460       0.00000000    
   5.81770992       0.00000000    
   5.81496763       0.00000000    
   5.81222820       0.00000000    
   5.80949116       0.00000000    
   5.80675697       0.00000000    
   5.80402470       0.00000000    
   5.80129576       0.00000000    
   5.79856873       0.00000000    
   5.79584455       0.00000000    
   5.79312325       0.00000000    
   5.79040384       0.00000000    
   5.78768730       0.00000000    
   5.78497362       0.00000000    
   5.78226185       0.00000000    
   5.77955341       0.00000000    
   5.77684689       0.00000000    
   5.77414274       0.00000000    
   5.77144194       0.00000000    
   5.76874304       0.00000000    
   5.76604652       0.00000000    
   5.76335335       0.00000000    
   5.76066160       0.00000000    
   5.75797319       0.00000000    
   5.75528717       0.00000000    
   5.75260305       0.00000000    
   5.74992228       0.00000000    
   5.74724340       0.00000000    
   5.74456739       0.00000000    
   5.74189377       0.00000000    
   5.73922253       0.00000000    
   5.73655367       0.00000000    
   5.73388767       0.00000000    
   5.73122358       0.00000000    
   5.72856236       0.00000000    
   5.72590399       0.00000000    
   5.72324753       0.00000000    
   5.72059345       0.00000000    
   5.71794176       0.00000000    
   5.71529293       0.00000000    
   5.71264696       0.00000000    
   5.71000242       0.00000000    
   5.70736122       0.00000000    
   5.70472193       0.00000000    
   5.70208502       0.00000000    
   5.69945097       0.00000000    
   5.69681883       0.00000000    
   5.69418955       0.00000000    
   5.69156265       0.00000000    
   5.68893766       0.00000000    
   5.68631554       0.00000000    
   5.68369627       0.00000000    
   5.68107843       0.00000000    
   5.67846394       0.00000000    
   5.67585135       0.00000000    
   5.67324114       0.00000000    
   5.67063332       0.00000000    
   5.66802788       0.00000000    
   5.66542530       0.00000000    
   5.66282463       0.00000000    
   5.66022635       0.00000000    
   5.65763092       0.00000000    
   5.65503740       0.00000000    
   5.65244627       0.00000000    
   5.64985800       0.00000000    
   5.64727163       0.00000000    
   5.64468765       0.00000000    
   5.64210606       0.00000000    
   5.63952684       0.00000000    
   5.63695002       0.00000000    
   5.63437557       0.00000000    
   5.63180351       0.00000000    
   5.62923384       0.00000000    
   5.62666655       0.00000000    
   5.62410116       0.00000000    
   5.62153864       0.00000000    
   5.61897802       0.00000000    
   5.61641979       0.00000000    
   5.61386442       0.00000000    
   5.61131048       0.00000000    
   5.60875988       0.00000000    
   5.60621119       0.00000000    
   5.60366440       0.00000000    
   5.60112047       0.00000000    
   5.59857845       0.00000000    
   5.59603882       0.00000000    
   5.59350157       0.00000000    
   5.59096670       0.00000000    
   5.58843422       0.00000000    
   5.58590364       0.00000000    
   5.58337545       0.00000000    
   5.58084965       0.00000000    
   5.57832670       0.00000000    
   5.57580519       0.00000000    
   5.57328653       0.00000000    
   5.57076931       0.00000000    
   5.56825495       0.00000000    
   5.56574297       0.00000000    
   5.56323290       0.00000000    
   5.56072569       0.00000000    
   5.55822039       0.00000000    
   5.55571699       0.00000000    
   5.55321646       0.00000000    
   5.55071783       0.00000000    
   5.54822159       0.00000000    
   5.54572773       0.00000000    
   5.54323530       0.00000000    
   5.54074621       0.00000000    
   5.53825903       0.00000000    
   5.53577328       0.00000000    
   5.53329086       0.00000000    
   5.53081036       0.00000000    
   5.52833128       0.00000000    
   5.52585554       0.00000000    
   5.52338123       0.00000000    
   5.52090931       0.00000000    
   5.51844025       0.00000000    
   5.51597261       0.00000000    
   5.51350737       0.00000000    
   5.51104450       0.00000000    
   5.50858355       0.00000000    
   5.50612497       0.00000000    
   5.50366879       0.00000000    
   5.50121450       0.00000000    
   5.49876261       0.00000000    
   5.49631262       0.00000000    
   5.49386501       0.00000000    
   5.49141979       0.00000000    
   5.48897600       0.00000000    
   5.48653507       0.00000000    
   5.48409653       0.00000000    
   5.48165941       0.00000000    
   5.47922516       0.00000000    
   5.47679234       0.00000000    
   5.47436237       0.00000000    
   5.47193432       0.00000000    
   5.46950817       0.00000000    
   5.46708441       0.00000000    
   5.46466255       0.00000000    
   5.46224308       0.00000000    
   5.45982552       0.00000000    
   5.45741081       0.00000000    
   5.45499706       0.00000000    
   5.45258617       0.00000000    
   5.45017719       0.00000000    
   5.44777060       0.00000000    
   5.44536638       0.00000000    
   5.44296360       0.00000000    
   5.44056320       0.00000000    
   5.43816519       0.00000000    
   5.43576908       0.00000000    
   5.43337488       0.00000000    
   5.43098307       0.00000000    
   5.42859316       0.00000000    
   5.42620564       0.00000000    
   5.42381954       0.00000000    
   5.42143631       0.00000000    
   5.41905499       0.00000000    
   5.41667557       0.00000000    
   5.41429853       0.00000000    
   5.41192341       0.00000000    
   5.40955019       0.00000000    
   5.40717936       0.00000000    
   5.40480995       0.00000000    
   5.40244341       0.00000000    
   5.40007877       0.00000000    
   5.39771605       0.00000000    
   5.39535522       0.00000000    
   5.39299679       0.00000000    
   5.39064026       0.00000000    
   5.38828611       0.00000000    
   5.38593340       0.00000000    
   5.38358307       0.00000000    
   5.38123512       0.00000000    
   5.37888861       0.00000000    
   5.37654448       0.00000000    
   5.37420225       0.00000000    
   5.37186193       0.00000000    
   5.36952400       0.00000000    
   5.36718845       0.00000000    
   5.36485386       0.00000000    
   5.36252213       0.00000000    
   5.36019182       0.00000000    
   5.35786438       0.00000000    
   5.35553837       0.00000000    
   5.35321426       0.00000000    
   5.35089254       0.00000000    
   5.34857273       0.00000000    
   5.34625483       0.00000000    
   5.34393930       0.00000000    
   5.34162521       0.00000000    
   5.33931351       0.00000000    
   5.33700371       0.00000000    
   5.33469582       0.00000000    
   5.33238983       0.00000000    
   5.33008623       0.00000000    
   5.32778406       0.00000000    
   5.32548428       0.00000000    
   5.32318640       0.00000000    
   5.32089043       0.00000000    
   5.31859684       0.00000000    
   5.31630468       0.00000000    
   5.31401491       0.00000000    
   5.31172705       0.00000000    
   5.30944061       0.00000000    
   5.30715656       0.00000000    
   5.30487490       0.00000000    
   5.30259418       0.00000000    
   5.30031633       0.00000000    
   5.29804039       0.00000000    
   5.29576588       0.00000000    
   5.29349375       0.00000000    
   5.29122305       0.00000000    
   5.28895473       0.00000000    
   5.28668833       0.00000000    
   5.28442335       0.00000000    
   5.28216124       0.00000000    
   5.27990055       0.00000000    
   5.27764177       0.00000000    
   5.27538490       0.00000000    
   5.27312994       0.00000000    
   5.27087688       0.00000000    
   5.26862621       0.00000000    
   5.26637697       0.00000000    
   5.26412964       0.00000000    
   5.26188469       0.00000000    
   5.25964117       0.00000000    
   5.25740004       0.00000000    
   5.25516033       0.00000000    
   5.25292253       0.00000000    
   5.25068712       0.00000000    
   5.24845314       0.00000000    
   5.24622107       0.00000000    
   5.24399137       0.00000000    
   5.24176311       0.00000000    
   5.23953724       0.00000000    
   5.23731279       0.00000000    
   5.23509026       0.00000000    
   5.23286963       0.00000000    
   5.23065090       0.00000000    
   5.22843409       0.00000000    
   5.22621918       0.00000000    
   5.22400618       0.00000000    
   5.22179508       0.00000000    
   5.21958590       0.00000000    
   5.21737814       0.00000000    
   5.21517277       0.00000000    
   5.21296930       0.00000000    
   5.21076727       0.00000000    
   5.20856762       0.00000000    
   5.20636892       0.00000000    
   5.20417309       0.00000000    
   5.20197868       0.00000000    
   5.19978571       0.00000000    
   5.19759512       0.00000000    
   5.19540644       0.00000000    
   5.19321918       0.00000000    
   5.19103432       0.00000000    
   5.18885088       0.00000000    
   5.18666935       0.00000000    
   5.18448973       0.00000000    
   5.18231153       0.00000000    
   5.18013573       0.00000000    
   5.17796183       0.00000000    
   5.17578936       0.00000000    
   5.17361879       0.00000000    
   5.17145014       0.00000000    
   5.16928291       0.00000000    
   5.16711807       0.00000000    
   5.16495466       0.00000000    
   5.16279316       0.00000000    
   5.16063356       0.00000000    
   5.15847588       0.00000000    
   5.15631962       0.00000000    
   5.15416574       0.00000000    
   5.15201283       0.00000000    
   5.14986229       0.00000000    
   5.14771318       0.00000000    
   5.14556646       0.00000000    
   5.14342117       0.00000000    
   5.14127779       0.00000000    
   5.13913584       0.00000000    
   5.13699627       0.00000000    
   5.13485813       0.00000000    
   5.13272190       0.00000000    
   5.13058710       0.00000000    
   5.12845421       0.00000000    
   5.12632322       0.00000000    
   5.12419367       0.00000000    
   5.12206650       0.00000000    
   5.11994076       0.00000000    
   5.11781693       0.00000000    
   5.11569452       0.00000000    
   5.11357450       0.00000000    
   5.11145544       0.00000000    
   5.10933876       0.00000000    
   5.10722303       0.00000000    
   5.10510969       0.00000000    
   5.10299826       0.00000000    
   5.10088825       0.00000000    
   5.09878016       0.00000000    
   5.09667397       0.00000000    
   5.09456873       0.00000000    
   5.09246588       0.00000000    
   5.09036493       0.00000000    
   5.08826542       0.00000000    
   5.08616781       0.00000000    
   5.08407116       0.00000000    
   5.08197737       0.00000000    
   5.07988453       0.00000000    
   5.07779360       0.00000000    
   5.07570457       0.00000000    
   5.07361746       0.00000000    
   5.07153130       0.00000000    
   5.06944752       0.00000000    
   5.06736517       0.00000000    
   5.06528473       0.00000000    
   5.06320572       0.00000000    
   5.06112862       0.00000000    
   5.05905294       0.00000000    
   5.05697966       0.00000000    
   5.05490732       0.00000000    
   5.05283689       0.00000000    
   5.05076838       0.00000000    
   5.04870129       0.00000000    
   5.04663610       0.00000000    
   5.04457235       0.00000000    
   5.04251051       0.00000000    
   5.04045057       0.00000000    
   5.03839159       0.00000000    
   5.03633499       0.00000000    
   5.03427982       0.00000000    
   5.03222609       0.00000000    
   5.03017473       0.00000000    
   5.02812433       0.00000000    
   5.02607584       0.00000000    
   5.02402925       0.00000000    
   5.02198362       0.00000000    
   5.01994038       0.00000000    
   5.01789856       0.00000000    
   5.01585817       0.00000000    
   5.01381969       0.00000000    
   5.01178312       0.00000000    
   5.00974798       0.00000000    
   5.00771427       0.00000000    
   5.00568247       0.00000000    
   5.00365210       0.00000000    
   5.00162363       0.00000000    
   4.99959660       0.00000000    
   4.99757147       0.00000000    
   4.99554777       0.00000000    
   4.99352551       0.00000000    
   4.99150515       0.00000000    
   4.98948669       0.00000000    
   4.98746920       0.00000000    
   4.98545408       0.00000000    
   4.98343992       0.00000000    
   4.98142767       0.00000000    
   4.97941732       0.00000000    
   4.97740793       0.00000000    
   4.97540092       0.00000000    
   4.97339535       0.00000000    
   4.97139072       0.00000000    
   4.96938848       0.00000000    
   4.96738720       0.00000000    
   4.96538830       0.00000000    
   4.96339035       0.00000000    
   4.96139431       0.00000000    
   4.95939970       0.00000000    
