   25.2512703       8.11026257E-05
   25.1996899       8.15263338E-05
   25.1483231       8.19536654E-05
   25.0971622       8.23846713E-05
   25.0462093       8.28193733E-05
   24.9954624       8.32578444E-05
   24.9449234       8.37001280E-05
   24.8945866       8.41462897E-05
   24.8444538       8.45963368E-05
   24.7945194       8.50503420E-05
   24.7447891       8.55083417E-05
   24.6952553       8.59704014E-05
   24.6459198       8.64365793E-05
   24.5967808       8.69069190E-05
   24.5478382       8.73814643E-05
   24.4990902       8.78602805E-05
   24.4505348       8.83434332E-05
   24.4021740       8.88309442E-05
   24.3540001       8.93229080E-05
   24.3060188       8.98193903E-05
   24.2582245       9.03204273E-05
   24.2106190       9.08260554E-05
   24.1631985       9.13363983E-05
   24.1159649       9.18514415E-05
   24.0689144       9.23713378E-05
   24.0220490       9.28960872E-05
   23.9753628       9.34257914E-05
   23.9288616       9.39604797E-05
   23.8825359       9.45002757E-05
   23.8363934       9.50451795E-05
   23.7904263       9.55953437E-05
   23.7446365       9.61507758E-05
   23.6990223       9.67115993E-05
   23.6535854       9.72778143E-05
   23.6083202       9.78495955E-05
   23.5632286       9.84269427E-05
   23.5183105       9.90099652E-05
   23.4735603       9.95987721E-05
   23.4289818       1.00193400E-04
   23.3845711       1.00793979E-04
   23.3403301       1.01400547E-04
   23.2962551       1.02013226E-04
   23.2523460       1.02632090E-04
   23.2086029       1.03257255E-04
   23.1650238       1.03888757E-04
   23.1216068       1.04526764E-04
   23.0783539       1.05171304E-04
   23.0352612       1.05822546E-04
   22.9923325       1.06480518E-04
   22.9495602       1.07145395E-04
   22.9069481       1.07817228E-04
   22.8644943       1.08496148E-04
   22.8221951       1.09182271E-04
   22.7800522       1.09875713E-04
   22.7380676       1.10576533E-04
   22.6962357       1.11284891E-04
   22.6545582       1.12000926E-04
   22.6130333       1.12724723E-04
   22.5716591       1.13456415E-04
   22.5304375       1.14196155E-04
   22.4893646       1.14944036E-04
   22.4484444       1.15700190E-04
   22.4076691       1.16464798E-04
   22.3670444       1.17237927E-04
   22.3265648       1.18019809E-04
   22.2862320       1.18810487E-04
   22.2460442       1.19610188E-04
   22.2060032       1.20419019E-04
   22.1661034       1.21237150E-04
   22.1263485       1.22064739E-04
   22.0867367       1.22901925E-04
   22.0472641       1.23748920E-04
   22.0079327       1.24605867E-04
   21.9687443       1.25472943E-04
   21.9296932       1.26350264E-04
   21.8907795       1.27238120E-04
   21.8520050       1.28136599E-04
   21.8133659       1.29045977E-04
   21.7748661       1.29966356E-04
   21.7364998       1.30898028E-04
   21.6982708       1.31841094E-04
   21.6601734       1.32795874E-04
   21.6222115       1.33762456E-04
   21.5843792       1.34741189E-04
   21.5466824       1.35732174E-04
   21.5091171       1.36735718E-04
   21.4716797       1.37752068E-04
   21.4343739       1.38781441E-04
   21.3971977       1.39823998E-04
   21.3601513       1.40880118E-04
   21.3232327       1.41950033E-04
   21.2864399       1.43033991E-04
   21.2497749       1.44132224E-04
   21.2132359       1.45245009E-04
   21.1768208       1.46372782E-04
   21.1405334       1.47515617E-04
   21.1043682       1.48674022E-04
   21.0683270       1.49848172E-04
   21.0324078       1.51038446E-04
   20.9966125       1.52245135E-04
   20.9609375       1.53468616E-04
   20.9253845       1.54709182E-04
   20.8899517       1.55967238E-04
   20.8546391       1.57243150E-04
   20.8194447       1.58537194E-04
   20.7843685       1.59849937E-04
   20.7494106       1.61181699E-04
   20.7145710       1.62532786E-04
   20.6798496       1.63903649E-04
   20.6452408       1.65294870E-04
   20.6107502       1.66706785E-04
   20.5763741       1.68139784E-04
   20.5421124       1.69594423E-04
   20.5079632       1.71071224E-04
   20.4739304       1.72570566E-04
   20.4400063       1.74093133E-04
   20.4061985       1.75639245E-04
   20.3724995       1.77209658E-04
   20.3389130       1.78804723E-04
   20.3054371       1.80425239E-04
   20.2720699       1.82071584E-04
   20.2388134       1.83744574E-04
   20.2056656       1.85444718E-04
   20.1726265       1.87172671E-04
   20.1396942       1.88929276E-04
   20.1068707       1.90715029E-04
   20.0741539       1.92530686E-04
   20.0415421       1.94377048E-04
   20.0090370       1.96254958E-04
   19.9766369       1.98165013E-04
   19.9443417       2.00108247E-04
   19.9121513       2.02085372E-04
   19.8800640       2.04097320E-04
   19.8480797       2.06144905E-04
   19.8161983       2.08229292E-04
   19.7844200       2.10351209E-04
   19.7527409       2.12511848E-04
   19.7211666       2.14712083E-04
   19.6896915       2.16953064E-04
   19.6583157       2.19236012E-04
   19.6270409       2.21562063E-04
   19.5958652       2.23932191E-04
   19.5647888       2.26347882E-04
   19.5338097       2.28810444E-04
   19.5029278       2.31321115E-04
   19.4721470       2.33881205E-04
   19.4414616       2.36492328E-04
   19.4108715       2.39155968E-04
   19.3803787       2.41873509E-04
   19.3499813       2.44646712E-04
   19.3196774       2.47477350E-04
   19.2894707       2.50367098E-04
   19.2593555       2.53317790E-04
   19.2293377       2.56330997E-04
   19.1994114       2.59409193E-04
   19.1695786       2.62554269E-04
   19.1398373       2.65768263E-04
   19.1101894       2.69053242E-04
   19.0806332       2.72411969E-04
   19.0511665       2.75846745E-04
   19.0217934       2.79359578E-04
   18.9925098       2.82953872E-04
   18.9633141       2.86632072E-04
   18.9342098       2.90396973E-04
   18.9051933       2.94251600E-04
   18.8762703       2.98198865E-04
   18.8474312       3.02242581E-04
   18.8186798       3.06386006E-04
   18.7900200       3.10632226E-04
   18.7614441       3.14985838E-04
   18.7329540       3.19450308E-04
   18.7045536       3.24029563E-04
   18.6762371       3.28728551E-04
   18.6480064       3.33551550E-04
   18.6198597       3.38503305E-04
   18.5917988       3.43588792E-04
   18.5638256       3.48812930E-04
   18.5359325       3.54182033E-04
   18.5081234       3.59701604E-04
   18.4804001       3.65377316E-04
   18.4527569       3.71216447E-04
   18.4251976       3.77225457E-04
   18.3977203       3.83411389E-04
   18.3703232       3.89781955E-04
   18.3430119       3.96344636E-04
   18.3157787       4.03108919E-04
   18.2886257       4.10083012E-04
   18.2615547       4.17275907E-04
   18.2345638       4.24698839E-04
   18.2076511       4.32361645E-04
   18.1808186       4.40275093E-04
   18.1540642       4.48452018E-04
   18.1273899       4.56904614E-04
   18.1007919       4.65646415E-04
   18.0742722       4.74691362E-04
   18.0478325       4.84053977E-04
   18.0214672       4.93751722E-04
   17.9951801       5.03801333E-04
   17.9689713       5.14220155E-04
   17.9428368       5.25029143E-04
   17.9167767       5.36248495E-04
   17.8907948       5.47900680E-04
   17.8648853       5.60009445E-04
   17.8390541       5.72599121E-04
   17.8132973       5.85699454E-04
   17.7876129       5.99338789E-04
   17.7620029       6.13547396E-04
   17.7364674       6.28361886E-04
   17.7110043       6.43817300E-04
   17.6856155       6.59951998E-04
   17.6602974       6.76811324E-04
   17.6350517       6.94439572E-04
   17.6098785       7.12886860E-04
   17.5847778       7.32207031E-04
   17.5597496       7.52456894E-04
   17.5347900       7.73703097E-04
   17.5099030       7.96013337E-04
   17.4850864       8.19461013E-04
   17.4603405       8.44131398E-04
   17.4356632       8.70112854E-04
   17.4110546       8.97503516E-04
   17.3865166       9.26411070E-04
   17.3620491       9.56951350E-04
   17.3376484       9.89258988E-04
   17.3133163       1.02347508E-03
   17.2890549       1.05975545E-03
   17.2648602       1.09828031E-03
   17.2407322       1.13924209E-03
   17.2166729       1.18285313E-03
   17.1926785       1.22936105E-03
   17.1687508       1.27903163E-03
   17.1448917       1.33216637E-03
   17.1210976       1.38910348E-03
   17.0973701       1.45021931E-03
   17.0737076       1.51595310E-03
   17.0501099       1.58678833E-03
   17.0265808       1.66327262E-03
   17.0031128       1.74604985E-03
   16.9797096       1.83583808E-03
   16.9563713       1.93346874E-03
   16.9330978       2.03990191E-03
   16.9098892       2.15623993E-03
   16.8867416       2.28379620E-03
   16.8636589       2.42407853E-03
   16.8406391       2.57885759E-03
   16.8176823       2.75026797E-03
   16.7947865       2.94081261E-03
   16.7719555       3.15348734E-03
   16.7491837       3.39196296E-03
   16.7264748       3.66065186E-03
   16.7038269       3.96499410E-03
   16.6812401       4.31172922E-03
   16.6587162       4.70926752E-03
   16.6362514       5.16837277E-03
   16.6138477       5.70276519E-03
   16.5915051       6.33030757E-03
   16.5692215       7.07484642E-03
   16.5469971       7.96842203E-03
   16.5248337       9.05525219E-03
   16.5027294       1.03982184E-02
   16.4806824       1.20885801E-02
   16.4586945       1.42635340E-02
   16.4367657       1.71357729E-02
   16.4148979       2.10429691E-02
   16.3930855       2.65203863E-02
   16.3713303       3.43255848E-02
   16.3496342       4.50258106E-02
   16.3279953       5.72436564E-02
   16.3064137       6.69422224E-02
   16.2848873       7.48770386E-02
   16.2634201       8.85309577E-02
   16.2420082      0.114641421    
   16.2206535      0.158075720    
   16.1993542      0.216084436    
   16.1781120      0.258307129    
   16.1569233      0.241314858    
   16.1357899      0.182933062    
   16.1147156      0.127650127    
   16.0936928       8.90258551E-02
   16.0727253       6.39156848E-02
   16.0518112       4.74959053E-02
   16.0309525       3.64427939E-02
   16.0101490       2.87498664E-02
   15.9893990       2.32221372E-02
   15.9687023       1.91363618E-02
   15.9480600       1.60407983E-02
   15.9274702       1.36439940E-02
   15.9069328       1.17532564E-02
   15.8864489       1.02371126E-02
   15.8660173       9.00376029E-03
   15.8456392       7.98773579E-03
   15.8253126       7.14116637E-03
   15.8050385       6.42875722E-03
   15.7848167       5.82389394E-03
   15.7646456       5.30611724E-03
   15.7445259       4.85969242E-03
   15.7244596       4.47227666E-03
   15.7044420       4.13400028E-03
   15.6844759       3.83704226E-03
   15.6645603       3.57505912E-03
   15.6446953       3.34287668E-03
   15.6248817       3.13626043E-03
   15.6051168       2.95166275E-03
   15.5854025       2.78616999E-03
   15.5657387       2.63733719E-03
   15.5461235       2.50306865E-03
   15.5265579       2.38161930E-03
   15.5070410       2.27149110E-03
   15.4875727       2.17140117E-03
   15.4681549       2.08025193E-03
   15.4487848       1.99707481E-03
   15.4294634       1.92105013E-03
   15.4101906       1.85146066E-03
   15.3909655       1.78766658E-03
   15.3717880       1.72912050E-03
   15.3526592       1.67534035E-03
   15.3335772       1.62588805E-03
   15.3145418       1.58038945E-03
   15.2955542       1.53850717E-03
   15.2766132       1.49994146E-03
   15.2577209       1.46442861E-03
   15.2388735       1.43172394E-03
   15.2200727       1.40161719E-03
   15.2013197       1.37391838E-03
   15.1826115       1.34845171E-03
   15.1639490       1.32506434E-03
   15.1453342       1.30361808E-03
   15.1267614       1.28398242E-03
   15.1082382       1.26604910E-03
   15.0897579       1.24971208E-03
   15.0713234       1.23487844E-03
   15.0529346       1.22146565E-03
   15.0345898       1.20939477E-03
   15.0162897       1.19859807E-03
   14.9980345       1.18901348E-03
   14.9798222       1.18058198E-03
   14.9616556       1.17325434E-03
   14.9435329       1.16698316E-03
   14.9254532       1.16172666E-03
   14.9074183       1.15744758E-03
   14.8894262       1.15411077E-03
   14.8714771       1.15168712E-03
   14.8535728       1.15014869E-03
   14.8357105       1.14947162E-03
   14.8178911       1.14963506E-03
   14.8001156       1.15061994E-03
   14.7823792       1.15241099E-03
   14.7646885       1.15499401E-03
   14.7470398       1.15835818E-03
   14.7294321       1.16249430E-03
   14.7118673       1.16739504E-03
   14.6943445       1.17305550E-03
   14.6768627       1.17947324E-03
   14.6594229       1.18664594E-03
   14.6420231       1.19457580E-03
   14.6246662       1.20326353E-03
   14.6073503       1.21271471E-03
   14.5900745       1.22293539E-03
   14.5728407       1.23393175E-03
   14.5556469       1.24571589E-03
   14.5384932       1.25829806E-03
   14.5213814       1.27169082E-03
   14.5043077       1.28591096E-03
   14.4872751       1.30097487E-03
   14.4702835       1.31690048E-03
   14.4533291       1.33371248E-03
   14.4364166       1.35142915E-03
   14.4195423       1.37007958E-03
   14.4027081       1.38968998E-03
   14.3859138       1.41028909E-03
   14.3691578       1.43191253E-03
   14.3524408       1.45459455E-03
   14.3357639       1.47837028E-03
   14.3191233       1.50328723E-03
   14.3025236       1.52938138E-03
   14.2859621       1.55670440E-03
   14.2694359       1.58531137E-03
   14.2529516       1.61524815E-03
   14.2365036       1.64658122E-03
   14.2200937       1.67937088E-03
   14.2037220       1.71368278E-03
   14.1873875       1.74959493E-03
   14.1710901       1.78718369E-03
   14.1548319       1.82652986E-03
   14.1386080       1.86773355E-03
   14.1224241       1.91087998E-03
   14.1062756       1.95608358E-03
   14.0901642       2.00345437E-03
   14.0740910       2.05311063E-03
   14.0580530       2.10519088E-03
   14.0420513       2.15983414E-03
   14.0260878       2.21718964E-03
   14.0101585       2.27743154E-03
   13.9942656       2.34073587E-03
   13.9784107       2.40729284E-03
   13.9625883       2.47732876E-03
   13.9468040       2.55105272E-03
   13.9310551       2.62873154E-03
   13.9153414       2.71063228E-03
   13.8996639       2.79704574E-03
   13.8840208       2.88831000E-03
   13.8684130       2.98477407E-03
   13.8528404       3.08682024E-03
   13.8373013       3.19490046E-03
   13.8217993       3.30945267E-03
   13.8063307       3.43101961E-03
   13.7908974       3.56016774E-03
   13.7754993       3.69751733E-03
   13.7601337       3.84379178E-03
   13.7448034       3.99976084E-03
   13.7295074       4.16627992E-03
   13.7142448       4.34434274E-03
   13.6990156       4.53502079E-03
   13.6838217       4.73951455E-03
   13.6686592       4.95923869E-03
   13.6535330       5.19566983E-03
   13.6384382       5.45060774E-03
   13.6233768       5.72601520E-03
   13.6083508       6.02412689E-03
   13.5933561       6.34757197E-03
   13.5783939       6.69929013E-03
   13.5634661       7.08266906E-03
   13.5485697       7.50175212E-03
   13.5337076       7.96101149E-03
   13.5188761       8.46592337E-03
   13.5040779       9.02277138E-03
   13.4893131       9.63898189E-03
   13.4745798       1.03235347E-02
   13.4598780       1.10870479E-02
   13.4452095       1.19423214E-02
   13.4305725       1.29051786E-02
   13.4159670       1.39948679E-02
   13.4013939       1.52353244E-02
   13.3868504       1.66571680E-02
   13.3723402       1.82987861E-02
   13.3578615       2.02111732E-02
   13.3434134       2.24616919E-02
   13.3289976       2.51423586E-02
   13.3146114       2.83827353E-02
   13.3002567       3.23655494E-02
   13.2859344       3.73359732E-02
   13.2716398       4.35383394E-02
   13.2573795       5.09758815E-02
   13.2431479       5.95577918E-02
   13.2289467       7.02389702E-02
   13.2147770       8.49582478E-02
   13.2006369      0.106038317    
   13.1865263      0.136618763    
   13.1724472      0.180267423    
   13.1583977      0.236064643    
   13.1443777      0.290041208    
   13.1303883      0.334108472    
   13.1164265      0.396352112    
   13.1024971      0.512234032    
   13.0885954      0.697409034    
   13.0747242      0.903451979    
   13.0608826      0.965596914    
   13.0470695      0.805743575    
   13.0332861      0.579165995    
   13.0195322      0.401677251    
   13.0058050      0.283618510    
   12.9921093      0.207010388    
   12.9784412      0.156255603    
   12.9648018      0.121527597    
   12.9511919       9.69712511E-02
   12.9376097       7.90737197E-02
   12.9240561       6.56801015E-02
   12.9105320       5.54241389E-02
   12.8970346       4.74113226E-02
   12.8835659       4.10423912E-02
   12.8701258       3.59038897E-02
   12.8567123       3.17027047E-02
   12.8433285       2.82297209E-02
   12.8299713       2.53296811E-02
   12.8166428       2.28877310E-02
   12.8033419       2.08169296E-02
   12.7900677       1.90503411E-02
   12.7768211       1.75366551E-02
   12.7636032       1.62359755E-02
   12.7504101       1.51168890E-02
   12.7372465       1.41556235E-02
   12.7241096       1.33335944E-02
   12.7109995       1.26374876E-02
   12.6979170       1.20584797E-02
   12.6848602       1.15921255E-02
   12.6718311       1.12390835E-02
   12.6588287       1.10060032E-02
   12.6458530       1.09075932E-02
   12.6329031       1.09703606E-02
   12.6199808       1.12390025E-02
   12.6070833       1.17880255E-02
   12.5942135       1.27417203E-02
   12.5813694       1.43092433E-02
   12.5685520       1.68306623E-02
   12.5557613       2.07704846E-02
   12.5429955       2.63171233E-02
   12.5302553       3.19761857E-02
   12.5175419       3.46358381E-02
   12.5048532       3.51120271E-02
   12.4921913       3.70235778E-02
   12.4795551       3.94090489E-02
   12.4669428       3.70144844E-02
   12.4543581       2.96913497E-02
   12.4417973       2.23124363E-02
   12.4292622       1.69708505E-02
   12.4167528       1.34202782E-02
   12.4042683       1.10530127E-02
   12.3918085       9.42774396E-03
   12.3793745       8.27328209E-03
   12.3669634       7.42672617E-03
   12.3545790       6.78912643E-03
   12.3422194       6.29802933E-03
   12.3298836       5.91316679E-03
   12.3175735       5.60767436E-03
   12.3052874       5.36310859E-03
   12.2930250       5.16660232E-03
   12.2807884       5.00896201E-03
   12.2685757       4.88348538E-03
   12.2563868       4.78528300E-03
   12.2442236       4.71073994E-03
   12.2320814       4.65716515E-03
   12.2199659       4.62261774E-03
   12.2078733       4.60568396E-03
   12.1958055       4.60540922E-03
   12.1837616       4.62120725E-03
   12.1717405       4.65280889E-03
   12.1597433       4.70022578E-03
   12.1477699       4.76373266E-03
   12.1358194       4.84387903E-03
   12.1238937       4.94143507E-03
   12.1119900       5.05749136E-03
   12.1001110       5.19340439E-03
   12.0882549       5.35085984E-03
   12.0764217       5.53195644E-03
   12.0646114       5.73919620E-03
   12.0528250       5.97559381E-03
   12.0410614       6.24484103E-03
   12.0293198       6.55133231E-03
   12.0176029       6.90037711E-03
   12.0059061       7.29854591E-03
   11.9942341       7.75364507E-03
   11.9825840       8.27552378E-03
   11.9709568       8.87624174E-03
   11.9593525       9.57087986E-03
   11.9477701       1.03786634E-02
   11.9362106       1.13240005E-02
   11.9246731       1.24384714E-02
   11.9131575       1.37639772E-02
   11.9016647       1.53557127E-02
   11.8901939       1.72896814E-02
   11.8787451       1.96709726E-02
   11.8673191       2.26490777E-02
   11.8559141       2.64433082E-02
   11.8445311       3.13821919E-02
   11.8331709       3.79700176E-02
   11.8218307       4.69835550E-02
   11.8105135       5.95524535E-02
   11.7992182       7.72037357E-02
   11.7879429      0.102335654    
   11.7766905      0.138117850    
   11.7654591      0.182402879    
   11.7542486      0.220038459    
   11.7430611      0.245710045    
   11.7318935      0.284571648    
   11.7207470      0.351651311    
   11.7096233      0.412244171    
   11.6985188      0.394738495    
   11.6874361      0.306494325    
   11.6763744      0.216332033    
   11.6653328      0.151684538    
   11.6543140      0.109338559    
   11.6433144       8.15997645E-02
   11.6323357       6.29265830E-02
   11.6213789       4.99341264E-02
   11.6104412       4.06022929E-02
   11.5995245       3.37089971E-02
   11.5886288       2.84917690E-02
   11.5777521       2.44589970E-02
   11.5668974       2.12869849E-02
   11.5560627       1.87537801E-02
   11.5452480       1.67054757E-02
   11.5344543       1.50323650E-02
   11.5236797       1.36545189E-02
   11.5129251       1.25133488E-02
   11.5021915       1.15650687E-02
   11.4914770       1.07764555E-02
   11.4807835       1.01227388E-02
   11.4701090       9.58483946E-03
   11.4594545       9.14865453E-03
   11.4488201       8.80388916E-03
   11.4382048       8.54339730E-03
   11.4276094       8.36296845E-03
   11.4170351       8.26105569E-03
   11.4064789       8.23879801E-03
   11.3959417       8.30030348E-03
   11.3854256       8.45307019E-03
   11.3749266       8.70887283E-03
   11.3644485       9.08483844E-03
   11.3539896       9.60565452E-03
   11.3435497       1.03063211E-02
   11.3331289       1.12368697E-02
   11.3227272       1.24701057E-02
   11.3123446       1.41133992E-02
   11.3019819       1.63292475E-02
   11.2916365       1.93715058E-02
   11.2813110       2.36449987E-02
   11.2710047       2.98170466E-02
   11.2607164       3.89891043E-02
   11.2504482       5.28926626E-02
   11.2401972       7.37346932E-02
   11.2299652      0.102245882    
   11.2197533      0.130540878    
   11.2095585      0.139002740    
   11.1993818      0.126452535    
   11.1892252      0.114231944    
   11.1790848      0.108673535    
   11.1689644       9.77945328E-02
   11.1588621       7.69049823E-02
   11.1487770       5.60056195E-02
   11.1387119       4.06591371E-02
   11.1286640       3.03499196E-02
   11.1186333       2.34247632E-02
   11.1086226       1.86420493E-02
   11.0986280       1.52269527E-02
   11.0886526       1.27115119E-02
   11.0786953       1.08062699E-02
   11.0687542       9.32790339E-03
   11.0588331       8.15707352E-03
   11.0489283       7.21278042E-03
   11.0390415       6.43925741E-03
   11.0291729       5.79692330E-03
   11.0193214       5.25696296E-03
   11.0094881       4.79819812E-03
   10.9996719       4.40469338E-03
   10.9898720       4.06416971E-03
   10.9800920       3.76728503E-03
   10.9703274       3.50655336E-03
   10.9605808       3.27611621E-03
   10.9508524       3.07126902E-03
   10.9411402       2.88815796E-03
   10.9314451       2.72367662E-03
   10.9217672       2.57525174E-03
   10.9121075       2.44075665E-03
   10.9024639       2.31838552E-03
   10.8928375       2.20664614E-03
   10.8832283       2.10427400E-03
   10.8736353       2.01016990E-03
   10.8640594       1.92341546E-03
   10.8545008       1.84321264E-03
   10.8449593       1.76887691E-03
   10.8354340       1.69979897E-03
   10.8259258       1.63546239E-03
   10.8164339       1.57541002E-03
   10.8069592       1.51924498E-03
   10.7975006       1.46660418E-03
   10.7880583       1.41717936E-03
   10.7786322       1.37069181E-03
   10.7692242       1.32689765E-03
   10.7598314       1.28556881E-03
   10.7504549       1.24651100E-03
   10.7410955       1.20954891E-03
   10.7317514       1.17451709E-03
   10.7224236       1.14127400E-03
   10.7131128       1.10968901E-03
   10.7038183       1.07964582E-03
   10.6945391       1.05103245E-03
   10.6852760       1.02375320E-03
   10.6760292       9.97718889E-04
   10.6667986       9.72849608E-04
   10.6575832       9.49066831E-04
   10.6483841       9.26303910E-04
   10.6392012       9.04497982E-04
   10.6300344       8.83592642E-04
   10.6208830       8.63531081E-04
   10.6117468       8.44265800E-04
   10.6026268       8.25751107E-04
   10.5935230       8.07946199E-04
   10.5844336       7.90809223E-04
   10.5753603       7.74304965E-04
   10.5663033       7.58401235E-04
   10.5572605       7.43063982E-04
   10.5482340       7.28265150E-04
   10.5392227       7.13977381E-04
   10.5302277       7.00176228E-04
   10.5212469       6.86835789E-04
   10.5122814       6.73934759E-04
   10.5033312       6.61452068E-04
   10.4943972       6.49369205E-04
   10.4854774       6.37665857E-04
   10.4765720       6.26325433E-04
   10.4676828       6.15331868E-04
   10.4588089       6.04670669E-04
   10.4499502       5.94325538E-04
   10.4411058       5.84283902E-04
   10.4322758       5.74532780E-04
   10.4234619       5.65060647E-04
   10.4146624       5.55854756E-04
   10.4058781       5.46904863E-04
   10.3971090       5.38201421E-04
   10.3883533       5.29733254E-04
   10.3796129       5.21491864E-04
   10.3708878       5.13468462E-04
   10.3621769       5.05655305E-04
   10.3534803       4.98043315E-04
   10.3447981       4.90625622E-04
   10.3361311       4.83394950E-04
   10.3274794       4.76345129E-04
   10.3188410       4.69468534E-04
   10.3102169       4.62759665E-04
   10.3016071       4.56212467E-04
   10.2930126       4.49821906E-04
   10.2844324       4.43581608E-04
   10.2758656       4.37486946E-04
   10.2673130       4.31533088E-04
   10.2587757       4.25715698E-04
   10.2502518       4.20029479E-04
   10.2417421       4.14470618E-04
   10.2332478       4.09035332E-04
   10.2247658       4.03718965E-04
   10.2162981       3.98518168E-04
   10.2078447       3.93429189E-04
   10.1994057       3.88449174E-04
   10.1909809       3.83573875E-04
   10.1825686       3.78800556E-04
   10.1741714       3.74126132E-04
   10.1657877       3.69548041E-04
   10.1574183       3.65062762E-04
   10.1490612       3.60667851E-04
   10.1407194       3.56360833E-04
   10.1323910       3.52139410E-04
   10.1240759       3.48000554E-04
   10.1157742       3.43942258E-04
   10.1074867       3.39962571E-04
   10.0992126       3.36058729E-04
   10.0909510       3.32228956E-04
   10.0827036       3.28471302E-04
   10.0744705       3.24784021E-04
   10.0662508       3.21164727E-04
   10.0580435       3.17611848E-04
   10.0498495       3.14123696E-04
   10.0416698       3.10698815E-04
   10.0335026       3.07335082E-04
   10.0253487       3.04031244E-04
   10.0172091       3.00785643E-04
   10.0090818       2.97597173E-04
   10.0009680       2.94463913E-04
   9.99286652       2.91384669E-04
   9.98477936       2.88358191E-04
   9.97670460       2.85383372E-04
   9.96864319       2.82458554E-04
   9.96059418       2.79582717E-04
   9.95255947       2.76754901E-04
   9.94453621       2.73973623E-04
   9.93652630       2.71237921E-04
   9.92852974       2.68546777E-04
   9.92054653       2.65899318E-04
   9.91257477       2.63294205E-04
   9.90461636       2.60730623E-04
   9.89667034       2.58207641E-04
   9.88873863       2.55724561E-04
   9.88081837       2.53280072E-04
   9.87291050       2.50873563E-04
   9.86501503       2.48504162E-04
   9.85713387       2.46171228E-04
   9.84926414       2.43873670E-04
   9.84140682       2.41610833E-04
   9.83356190       2.39381974E-04
   9.82573032       2.37186629E-04
   9.81791115       2.35023661E-04
   9.81010342       2.32892620E-04
   9.80230904       2.30792939E-04
   9.79452705       2.28723700E-04
   9.78675652       2.26684395E-04
   9.77899933       2.24674470E-04
   9.77125454       2.22693445E-04
   9.76352119       2.20740389E-04
   9.75580025       2.18814981E-04
   9.74809074       2.16916640E-04
   9.74039459       2.15044915E-04
   9.73271084       2.13199091E-04
   9.72503757       2.11378690E-04
   9.71737766       2.09583304E-04
   9.70973015       2.07812584E-04
   9.70209408       2.06065757E-04
   9.69446945       2.04342490E-04
   9.68685818       2.02642492E-04
   9.67925739       2.00964932E-04
   9.67166901       1.99309899E-04
   9.66409302       1.97676694E-04
   9.65652943       1.96064939E-04
   9.64897633       1.94473992E-04
   9.64143467       1.92903739E-04
   9.63390541       1.91353989E-04
   9.62638855       1.89824132E-04
   9.61888409       1.88313861E-04
   9.61138916       1.86822552E-04
   9.60390568       1.85350102E-04
   9.59643555       1.83896438E-04
   9.58897781       1.82460950E-04
   9.58153057       1.81043360E-04
   9.57409382       1.79643102E-04
   9.56667042       1.78260365E-04
   9.55925655       1.76894362E-04
   9.55185604       1.75545254E-04
   9.54446602       1.74212517E-04
   9.53708839       1.72895903E-04
   9.52972031       1.71594904E-04
   9.52236366       1.70309533E-04
   9.51502037       1.69039631E-04
   9.50768757       1.67784790E-04
   9.50036621       1.66544734E-04
   9.49305534       1.65319085E-04
   9.48575592       1.64107929E-04
   9.47846794       1.62910685E-04
   9.47119141       1.61727512E-04
   9.46392632       1.60557931E-04
   9.45667171       1.59401781E-04
   9.44942760       1.58258656E-04
   9.44219494       1.57128554E-04
   9.43497372       1.56011374E-04
   9.42776394       1.54906782E-04
   9.42056561       1.53814573E-04
   9.41337681       1.52734399E-04
   9.40619946       1.51666420E-04
   9.39903259       1.50610067E-04
   9.39187813       1.49565501E-04
   9.38473415       1.48532417E-04
   9.37760067       1.47510582E-04
   9.37047672       1.46499719E-04
   9.36336422       1.45499798E-04
   9.35626316       1.44510821E-04
   9.34917355       1.43532438E-04
   9.34209442       1.42564517E-04
   9.33502483       1.41606753E-04
   9.32796574       1.40659133E-04
   9.32091808       1.39721655E-04
   9.31388187       1.38794014E-04
   9.30685616       1.37876123E-04
   9.29983902       1.36967632E-04
   9.29283428       1.36068702E-04
   9.28583908       1.35178940E-04
   9.27885532       1.34298461E-04
   9.27188206       1.33427020E-04
   9.26491928       1.32564484E-04
   9.25796604       1.31710578E-04
   9.25102329       1.30865315E-04
   9.24409199       1.30028740E-04
   9.23717022       1.29200547E-04
   9.23025990       1.28380649E-04
   9.22335815       1.27568812E-04
   9.21646786       1.26765139E-04
   9.20958710       1.25969324E-04
   9.20271778       1.25181454E-04
   9.19585896       1.24401340E-04
   9.18900967       1.23628837E-04
   9.18216991       1.22863741E-04
   9.17533970       1.22106081E-04
   9.16852093       1.21355872E-04
   9.16171265       1.20612873E-04
   9.15491390       1.19877004E-04
   9.14812469       1.19148062E-04
   9.14134693       1.18426178E-04
   9.13457775       1.17711039E-04
   9.12781906       1.17002775E-04
   9.12107086       1.16301177E-04
   9.11433315       1.15606163E-04
   9.10760403       1.14917551E-04
   9.10088444       1.14235350E-04
   9.09417629       1.13559581E-04
   9.08747768       1.12890084E-04
   9.08078861       1.12226742E-04
   9.07410908       1.11569403E-04
   9.06743908       1.10918081E-04
   9.06077957       1.10272806E-04
   9.05413055       1.09633380E-04
   9.04749107       1.08999753E-04
   9.04086113       1.08371838E-04
   9.03423977       1.07749482E-04
   9.02762794       1.07132706E-04
   9.02102661       1.06521540E-04
   9.01443577       1.05915802E-04
   9.00785446       1.05315448E-04
   9.00128078       1.04720311E-04
   8.99471760       1.04130420E-04
   8.98816490       1.03545797E-04
   8.98162174       1.02966296E-04
   8.97508812       1.02391845E-04
   8.96856213       1.01822297E-04
   8.96204758       1.01257785E-04
   8.95554161       1.00698060E-04
   8.94904518       1.00143232E-04
   8.94255924       9.95931623E-05
   8.93608189       9.90478002E-05
   8.92961311       9.85070074E-05
   8.92315388       9.79708129E-05
   8.91670418       9.74392315E-05
   8.91026497       9.69121465E-05
   8.90383434       9.63895000E-05
   8.89741230       9.58711535E-05
   8.89100075       9.53572162E-05
   8.88459682       9.48474990E-05
   8.87820339       9.43420819E-05
   8.87181950       9.38408557E-05
   8.86544418       9.33437550E-05
   8.85907745       9.28506925E-05
   8.85271931       9.23616681E-05
   8.84637165       9.18767109E-05
   8.84003258       9.13957119E-05
   8.83370399       9.09186274E-05
   8.82738209       9.04453409E-05
   8.82107067       8.99759325E-05
   8.81476784       8.95102494E-05
   8.80847359       8.90483716E-05
   8.80218983       8.85901973E-05
   8.79591465       8.81356755E-05
   8.78964710       8.76847043E-05
   8.78338814       8.72373130E-05
   8.77713966       8.67935305E-05
   8.77089977       8.63532478E-05
   8.76466846       8.59164138E-05
   8.75844574       8.54829559E-05
   8.75223160       8.50528668E-05
   8.74602699       8.46262119E-05
   8.73983192       8.42028749E-05
   8.73364449       8.37828193E-05
   8.72746563       8.33659433E-05
   8.72129631       8.29523415E-05
   8.71513462       8.25418465E-05
   8.70898247       8.21345748E-05
   8.70283890       8.17304026E-05
   8.69670486       8.13293009E-05
   8.69057751       8.09311896E-05
   8.68445969       8.05361051E-05
   8.67835045       8.01440619E-05
   8.67225075       7.97549728E-05
   8.66615868       7.93687868E-05
   8.66007519       7.89854530E-05
   8.65400028       7.86050223E-05
   8.64793396       7.82273855E-05
   8.64187622       7.78526155E-05
   8.63582706       7.74806031E-05
   8.62978649       7.71113409E-05
   8.62375355       7.67447418E-05
   8.61772919       7.63808421E-05
   8.61171341       7.60196635E-05
   8.60570717       7.56611262E-05
   8.59970856       7.53051936E-05
   8.59371758       7.49517931E-05
   8.58773518       7.46010119E-05
   8.58176136       7.42527045E-05
   8.57579613       7.39069656E-05
   8.56983852       7.35637077E-05
   8.56389046       7.32229018E-05
   8.55794907       7.28845043E-05
   8.55201626       7.25485079E-05
   8.54609203       7.22149489E-05
   8.54017639       7.18837618E-05
   8.53426933       7.15549177E-05
   8.52836895       7.12283436E-05
   8.52247620       7.09040614E-05
   8.51659298       7.05821149E-05
   8.51071835       7.02624238E-05
   8.50485134       6.99449447E-05
   8.49899197       6.96296484E-05
   8.49314117       6.93165857E-05
   8.48729801       6.90056404E-05
   8.48146343       6.86968997E-05
   8.47563648       6.83902763E-05
   8.46981812       6.80857702E-05
   8.46400642       6.77833086E-05
   8.45820236       6.74829134E-05
   8.45240784       6.71845992E-05
   8.44662094       6.68883367E-05
   8.44084263       6.65940825E-05
   8.43507099       6.63017636E-05
   8.42930794       6.60114747E-05
   8.42355156       6.57230994E-05
   8.41780376       6.54367032E-05
   8.41206455       6.51522278E-05
   8.40633297       6.48696514E-05
   8.40060806       6.45889377E-05
   8.39489174       6.43100793E-05
   8.38918304       6.40331127E-05
   8.38348293       6.37579797E-05
   8.37778950       6.34846656E-05
   8.37210369       6.32131196E-05
   8.36642647       6.29433998E-05
   8.36075592       6.26753972E-05
   8.35509396       6.24091990E-05
   8.34943962       6.21447398E-05
   8.34379292       6.18819977E-05
   8.33815289       6.16209290E-05
   8.33252048       6.13615484E-05
   8.32689667       6.11038922E-05
   8.32128048       6.08478877E-05
   8.31567192       6.05935384E-05
   8.31007004       6.03407825E-05
   8.30447578       6.00896492E-05
   8.29888916       5.98401566E-05
   8.29331112       5.95922538E-05
   8.28773975       5.93459299E-05
   8.28217602       5.91011740E-05
   8.27661896       5.88579278E-05
   8.27106953       5.86162096E-05
   8.26552868       5.83760666E-05
   8.25999451       5.81374225E-05
   8.25446796       5.79002808E-05
   8.24894905       5.76645871E-05
   8.24343586       5.74303704E-05
   8.23793221       5.71976416E-05
   8.23243523       5.69663680E-05
   8.22694492       5.67365278E-05
   8.22146225       5.65080700E-05
   8.21598721       5.62810601E-05
   8.21051884       5.60554181E-05
   8.20505810       5.58311913E-05
   8.19960499       5.56083432E-05
   8.19415951       5.53868595E-05
   8.18871975       5.51666999E-05
   8.18328762       5.49478755E-05
   8.17786312       5.47304153E-05
   8.17244625       5.45142757E-05
   8.16703606       5.42994494E-05
   8.16163254       5.40858819E-05
   8.15623760       5.38736385E-05
   8.15084743       5.36626394E-05
   8.14546680       5.34529318E-05
   8.14009190       5.32444865E-05
   8.13472557       5.30372890E-05
   8.12936401       5.28312885E-05
   8.12401009       5.26265212E-05
   8.11866474       5.24229908E-05
   8.11332512       5.22206756E-05
   8.10799313       5.20195499E-05
   8.10266781       5.18195848E-05
   8.09735012       5.16208274E-05
   8.09203815       5.14232052E-05
   8.08673382       5.12267688E-05
   8.08143711       5.10314858E-05
   8.07614708       5.08373414E-05
   8.07086277       5.06443030E-05
   8.06558609       5.04523814E-05
   8.06031609       5.02616058E-05
   8.05505371       5.00719252E-05
   8.04979801       4.98833506E-05
   8.04454899       4.96958273E-05
   8.03930569       4.95093846E-05
   8.03407097       4.93240404E-05
   8.02884197       4.91397586E-05
   8.02362061       4.89565282E-05
   8.01840496       4.87743237E-05
   8.01319790       4.85931741E-05
   8.00799561       4.84130287E-05
   8.00280094       4.82339346E-05
   7.99761343       4.80558556E-05
   7.99243259       4.78787697E-05
   7.98725748       4.77026697E-05
   7.98208904       4.75275556E-05
   7.97692823       4.73534456E-05
   7.97177362       4.71803251E-05
   7.96662617       4.70081541E-05
   7.96148443       4.68369326E-05
   7.95635033       4.66666716E-05
   7.95122194       4.64973491E-05
   7.94610071       4.63289834E-05
   7.94098616       4.61615491E-05
   7.93587828       4.59950425E-05
   7.93077612       4.58294271E-05
   7.92568064       4.56647249E-05
   7.92059231       4.55009467E-05
   7.91551065       4.53380744E-05
   7.91043568       4.51760861E-05
   7.90536594       4.50149637E-05
   7.90030384       4.48547362E-05
   7.89524746       4.46953600E-05
   7.89019823       4.45368714E-05
   7.88515568       4.43792414E-05
   7.88011932       4.42224627E-05
   7.87508821       4.40665099E-05
   7.87006426       4.39113974E-05
   7.86504698       4.37571325E-05
   7.86003637       4.36037008E-05
   7.85503197       4.34510948E-05
   7.85003328       4.32992783E-05
   7.84504080       4.31482695E-05
   7.84005594       4.29980864E-05
   7.83507681       4.28487037E-05
   7.83010435       4.27001141E-05
   7.82513714       4.25522885E-05
   7.82017708       4.24052669E-05
   7.81522274       4.22589947E-05
   7.81027508       4.21135192E-05
   7.80533409       4.19688076E-05
   7.80039930       4.18248528E-05
   7.79546976       4.16816256E-05
   7.79054642       4.15391551E-05
   7.78563023       4.13974376E-05
   7.78072023       4.12564659E-05
   7.77581644       4.11162255E-05
   7.77091789       4.09766872E-05
   7.76602650       4.08378946E-05
   7.76114035       4.06998042E-05
   7.75626087       4.05624414E-05
   7.75138807       4.04257844E-05
   7.74652100       4.02898331E-05
   7.74165916       4.01545549E-05
   7.73680401       4.00199715E-05
   7.73195505       3.98860902E-05
   7.72711277       3.97529002E-05
   7.72227621       3.96203868E-05
   7.71744490       3.94885246E-05
   7.71262026       3.93573500E-05
   7.70780134       3.92268194E-05
   7.70298862       3.90969726E-05
   7.69818258       3.89677843E-05
   7.69338179       3.88392400E-05
   7.68858671       3.87113178E-05
   7.68379784       3.85840467E-05
   7.67901516       3.84574269E-05
   7.67423868       3.83314400E-05
   7.66946793       3.82060898E-05
   7.66470242       3.80813362E-05
   7.65994310       3.79572157E-05
   7.65519047       3.78337172E-05
   7.65044355       3.77108372E-05
   7.64570236       3.75885611E-05
   7.64096689       3.74668925E-05
   7.63623714       3.73458060E-05
   7.63151264       3.72253162E-05
   7.62679529       3.71054375E-05
   7.62208319       3.69861373E-05
   7.61737728       3.68674300E-05
   7.61267662       3.67492794E-05
   7.60798120       3.66317108E-05
   7.60329294       3.65147280E-05
   7.59860992       3.63983236E-05
   7.59393263       3.62824794E-05
   7.58926105       3.61671700E-05
   7.58459520       3.60524427E-05
   7.57993460       3.59382575E-05
   7.57528067       3.58246325E-05
   7.57063198       3.57115532E-05
   7.56598949       3.55990232E-05
   7.56135178       3.54870135E-05
   7.55671978       3.53755422E-05
   7.55209398       3.52646202E-05
   7.54747391       3.51542221E-05
   7.54285955       3.50443552E-05
   7.53825045       3.49349939E-05
   7.53364706       3.48261674E-05
   7.52904892       3.47178429E-05
   7.52445745       3.46100423E-05
   7.51987123       3.45027547E-05
   7.51529026       3.43959728E-05
   7.51071453       3.42896747E-05
   7.50614452       3.41838822E-05
   7.50158024       3.40785991E-05
   7.49702215       3.39738071E-05
   7.49246883       3.38695099E-05
   7.48792124       3.37656820E-05
   7.48337936       3.36623525E-05
   7.47884226       3.35594850E-05
   7.47431135       3.34571159E-05
   7.46978617       3.33552234E-05
   7.46526623       3.32538038E-05
   7.46075106       3.31528281E-05
   7.45624161       3.30523253E-05
   7.45173788       3.29523027E-05
   7.44723988       3.28527422E-05
   7.44274712       3.27536327E-05
   7.43825912       3.26549671E-05
   7.43377686       3.25567526E-05
   7.42930031       3.24590037E-05
   7.42482948       3.23616950E-05
   7.42036390       3.22648302E-05
   7.41590261       3.21683983E-05
   7.41144800       3.20724139E-05
   7.40699768       3.19768515E-05
   7.40255356       3.18817401E-05
   7.39811468       3.17870508E-05
   7.39368105       3.16927944E-05
   7.38925171       3.15989491E-05
   7.38482809       3.15055222E-05
   7.38041067       3.14125355E-05
   7.37599802       3.13199598E-05
   7.37159109       3.12278025E-05
   7.36718845       3.11360418E-05
   7.36279202       3.10447031E-05
   7.35839987       3.09537572E-05
   7.35401392       3.08632334E-05
   7.34963274       3.07731134E-05
   7.34525728       3.06833899E-05
   7.34088612       3.05940484E-05
   7.33652020       3.05051090E-05
   7.33216000       3.04165696E-05
   7.32780504       3.03284214E-05
   7.32345533       3.02406643E-05
   7.31911039       3.01532746E-05
   7.31477070       3.00662832E-05
   7.31043577       2.99796629E-05
   7.30610657       2.98934319E-05
   7.30178261       2.98075793E-05
   7.29746389       2.97220995E-05
   7.29314947       2.96369799E-05
   7.28883982       2.95522314E-05
   7.28453636       2.94678666E-05
   7.28023767       2.93838621E-05
   7.27594423       2.93002213E-05
   7.27165556       2.92169316E-05
   7.26737118       2.91340002E-05
   7.26309299       2.90514399E-05
   7.25881958       2.89692362E-05
   7.25455141       2.88873798E-05
   7.25028753       2.88058673E-05
   7.24602938       2.87247149E-05
   7.24177551       2.86439008E-05
   7.23752737       2.85634396E-05
   7.23328400       2.84833241E-05
   7.22904587       2.84035468E-05
   7.22481203       2.83240952E-05
   7.22058296       2.82449855E-05
   7.21635962       2.81662251E-05
   7.21214104       2.80877921E-05
   7.20792770       2.80096920E-05
   7.20371819       2.79319120E-05
   7.19951439       2.78544721E-05
   7.19531488       2.77773433E-05
   7.19112110       2.77005529E-05
   7.18693209       2.76240771E-05
   7.18274784       2.75479306E-05
   7.17856789       2.74720878E-05
   7.17439318       2.73965670E-05
   7.17022371       2.73213645E-05
   7.16605854       2.72464786E-05
   7.16189909       2.71719018E-05
   7.15774298       2.70976270E-05
   7.15359306       2.70236706E-05
   7.14944696       2.69500069E-05
   7.14530611       2.68766617E-05
   7.14117050       2.68036183E-05
   7.13703918       2.67308769E-05
   7.13291264       2.66584229E-05
   7.12879038       2.65862654E-05
   7.12467384       2.65144172E-05
   7.12056160       2.64428636E-05
   7.11645460       2.63716029E-05
   7.11235142       2.63006204E-05
   7.10825300       2.62299291E-05
   7.10415983       2.61595378E-05
   7.10007143       2.60894340E-05
   7.09598780       2.60196121E-05
   7.09190893       2.59500739E-05
   7.08783388       2.58808086E-05
   7.08376360       2.58118216E-05
   7.07969904       2.57431275E-05
   7.07563877       2.56747044E-05
   7.07158279       2.56065632E-05
   7.06753159       2.55386822E-05
   7.06348467       2.54710758E-05
   7.05944300       2.54037514E-05
   7.05540562       2.53366943E-05
   7.05137348       2.52699083E-05
   7.04734468       2.52033769E-05
   7.04332161       2.51371239E-05
   7.03930235       2.50711237E-05
   7.03528833       2.50053945E-05
   7.03127861       2.49399272E-05
   7.02727413       2.48747237E-05
   7.02327299       2.48097604E-05
   7.01927662       2.47450625E-05
   7.01528502       2.46806248E-05
   7.01129866       2.46164436E-05
   7.00731611       2.45525189E-05
   7.00333786       2.44888288E-05
   6.99936485       2.44254006E-05
   6.99539566       2.43622144E-05
   6.99143124       2.42992828E-05
   6.98747158       2.42366041E-05
   6.98351622       2.41741527E-05
   6.97956514       2.41119596E-05
   6.97561884       2.40500067E-05
   6.97167683       2.39882847E-05
   6.96773958       2.39268120E-05
   6.96380568       2.38655721E-05
   6.95987749       2.38045795E-05
   6.95595360       2.37438198E-05
   6.95203304       2.36832839E-05
   6.94811821       2.36229935E-05
   6.94420719       2.35629359E-05
   6.94030046       2.35031002E-05
   6.93639851       2.34435065E-05
   6.93250084       2.33841401E-05
   6.92860699       2.33249921E-05
   6.92471790       2.32660786E-05
   6.92083311       2.32073799E-05
   6.91695309       2.31489194E-05
   6.91307688       2.30906771E-05
   6.90920496       2.30326514E-05
   6.90533781       2.29748566E-05
   6.90147495       2.29172747E-05
   6.89761591       2.28599074E-05
   6.89376211       2.28027657E-05
   6.88991165       2.27458331E-05
   6.88606596       2.26891225E-05
   6.88222456       2.26326283E-05
   6.87838745       2.25763361E-05
   6.87455463       2.25202639E-05
   6.87072611       2.24644045E-05
   6.86690140       2.24087435E-05
   6.86308146       2.23533043E-05
   6.85926580       2.22980725E-05
   6.85545397       2.22430353E-05
   6.85164642       2.21882110E-05
   6.84784317       2.21335886E-05
   6.84404421       2.20791753E-05
   6.84025002       2.20249640E-05
   6.83645916       2.19709491E-05
   6.83267260       2.19171379E-05
   6.82889080       2.18635287E-05
   6.82511234       2.18101122E-05
   6.82133913       2.17568977E-05
   6.81756973       2.17038796E-05
   6.81380367       2.16510525E-05
   6.81004286       2.15984255E-05
   6.80628538       2.15459841E-05
   6.80253267       2.14937445E-05
   6.79878378       2.14416978E-05
   6.79503870       2.13898311E-05
   6.79129839       2.13381645E-05
   6.78756189       2.12866871E-05
   6.78382921       2.12353862E-05
   6.78010130       2.11842835E-05
   6.77637672       2.11333590E-05
   6.77265692       2.10826256E-05
   6.76894093       2.10320777E-05
   6.76522875       2.09817063E-05
   6.76152086       2.09315240E-05
   6.75781727       2.08815254E-05
   6.75411749       2.08316978E-05
   6.75042200       2.07820594E-05
   6.74673033       2.07325938E-05
   6.74304247       2.06833065E-05
   6.73935890       2.06341992E-05
   6.73567915       2.05852630E-05
   6.73200369       2.05365122E-05
   6.72833252       2.04879325E-05
   6.72466469       2.04395219E-05
   6.72100115       2.03912896E-05
   6.71734190       2.03432282E-05
   6.71368599       2.02953343E-05
   6.71003437       2.02476185E-05
   6.70638657       2.02000610E-05
   6.70274305       2.01526818E-05
   6.69910383       2.01054700E-05
   6.69546747       2.00584254E-05
   6.69183588       2.00115446E-05
   6.68820810       1.99648348E-05
   6.68458414       1.99182832E-05
   6.68096399       1.98719008E-05
   6.67734814       1.98256821E-05
   6.67373562       1.97796180E-05
   6.67012787       1.97337249E-05
   6.66652298       1.96879828E-05
   6.66292286       1.96424135E-05
   6.65932608       1.95969988E-05
   6.65573311       1.95517387E-05
   6.65214443       1.95066405E-05
   6.64855957       1.94617023E-05
   6.64497852       1.94169152E-05
   6.64140129       1.93722863E-05
   6.63782740       1.93278120E-05
   6.63425827       1.92834905E-05
   6.63069248       1.92393290E-05
   6.62713051       1.91953131E-05
   6.62357235       1.91514537E-05
   6.62001848       1.91077452E-05
   6.61646748       1.90641858E-05
   6.61292124       1.90207811E-05
   6.60937881       1.89775255E-05
   6.60583925       1.89344119E-05
   6.60230398       1.88914491E-05
   6.59877253       1.88486320E-05
   6.59524488       1.88059712E-05
   6.59172106       1.87634487E-05
   6.58820057       1.87210662E-05
   6.58468437       1.86788402E-05
   6.58117199       1.86367542E-05
   6.57766247       1.85948084E-05
   6.57415771       1.85530062E-05
   6.57065582       1.85113477E-05
   6.56715822       1.84698292E-05
   6.56366444       1.84284545E-05
   6.56017399       1.83872144E-05
   6.55668783       1.83461161E-05
   6.55320501       1.83051652E-05
   6.54972553       1.82643398E-05
   6.54625034       1.82236618E-05
   6.54277849       1.81831165E-05
   6.53931046       1.81427040E-05
   6.53584623       1.81024316E-05
   6.53238487       1.80622901E-05
   6.52892828       1.80222887E-05
   6.52547503       1.79824201E-05
   6.52202463       1.79426788E-05
   6.51857901       1.79030758E-05
   6.51513624       1.78636074E-05
   6.51169729       1.78242644E-05
   6.50826216       1.77850561E-05
   6.50483036       1.77459733E-05
   6.50140238       1.77070287E-05
   6.49797821       1.76682097E-05
   6.49455738       1.76295143E-05
   6.49114037       1.75909554E-05
   6.48772669       1.75525201E-05
   6.48431635       1.75142086E-05
   6.48091030       1.74760280E-05
   6.47750759       1.74379729E-05
   6.47410822       1.74000361E-05
   6.47071266       1.73622320E-05
   6.46731997       1.73245480E-05
   6.46393156       1.72869895E-05
   6.46054697       1.72495565E-05
   6.45716524       1.72122382E-05
   6.45378733       1.71750489E-05
   6.45041323       1.71379816E-05
   6.44704199       1.71010306E-05
   6.44367456       1.70642033E-05
   6.44031048       1.70274907E-05
   6.43695021       1.69909035E-05
   6.43359375       1.69544328E-05
   6.43024015       1.69180785E-05
   6.42689037       1.68818442E-05
   6.42354393       1.68457300E-05
   6.42020082       1.68097267E-05
   6.41686153       1.67738417E-05
   6.41352606       1.67380749E-05
   6.41019344       1.67024209E-05
   6.40686464       1.66668815E-05
   6.40353870       1.66314549E-05
   6.40021658       1.65961446E-05
   6.39689827       1.65609490E-05
   6.39358282       1.65258607E-05
   6.39027119       1.64908924E-05
   6.38696289       1.64560315E-05
   6.38365746       1.64212779E-05
   6.38035631       1.63866425E-05
   6.37705851       1.63521163E-05
   6.37376356       1.63176937E-05
   6.37047243       1.62833876E-05
   6.36718416       1.62491833E-05
   6.36389971       1.62150955E-05
   6.36061907       1.61811131E-05
   6.35734081       1.61472344E-05
   6.35406685       1.61134667E-05
   6.35079575       1.60798045E-05
   6.34752798       1.60462496E-05
   6.34426403       1.60128002E-05
   6.34100294       1.59794508E-05
   6.33774519       1.59462124E-05
   6.33449125       1.59130796E-05
   6.33124018       1.58800449E-05
   6.32799292       1.58471212E-05
   6.32474899       1.58142957E-05
   6.32150793       1.57815703E-05
   6.31827021       1.57489540E-05
   6.31503630       1.57164359E-05
   6.31180525       1.56840160E-05
   6.30857754       1.56517017E-05
   6.30535316       1.56194837E-05
   6.30213213       1.55873695E-05
   6.29891443       1.55553571E-05
   6.29570007       1.55234375E-05
   6.29248905       1.54916233E-05
   6.28928137       1.54599056E-05
   6.28607607       1.54282807E-05
   6.28287506       1.53967594E-05
   6.27967644       1.53653309E-05
   6.27648211       1.53340061E-05
   6.27329063       1.53027740E-05
   6.27010202       1.52716348E-05
   6.26691675       1.52405964E-05
   6.26373529       1.52096527E-05
   6.26055622       1.51787981E-05
   6.25738096       1.51480444E-05
   6.25420904       1.51173845E-05
   6.25103951       1.50868118E-05
   6.24787426       1.50563383E-05
   6.24471140       1.50259548E-05
   6.24155188       1.49956668E-05
   6.23839617       1.49654697E-05
   6.23524284       1.49353627E-05
   6.23209286       1.49053503E-05
   6.22894669       1.48754289E-05
   6.22580290       1.48455920E-05
   6.22266293       1.48158533E-05
   6.21952534       1.47861956E-05
   6.21639156       1.47566361E-05
   6.21326113       1.47271649E-05
   6.21013308       1.46977782E-05
   6.20700884       1.46684833E-05
   6.20388746       1.46392758E-05
   6.20076895       1.46101520E-05
   6.19765425       1.45811227E-05
   6.19454241       1.45521790E-05
   6.19143295       1.45233162E-05
   6.18832779       1.44945470E-05
   6.18522453       1.44658579E-05
   6.18212557       1.44372571E-05
   6.17902899       1.44087435E-05
   6.17593575       1.43803118E-05
   6.17284536       1.43519665E-05
   6.16975880       1.43237066E-05
   6.16667414       1.42955269E-05
   6.16359377       1.42674344E-05
   6.16051531       1.42394219E-05
   6.15744066       1.42114959E-05
   6.15436935       1.41836535E-05
   6.15130043       1.41558876E-05
   6.14823484       1.41282089E-05
   6.14517260       1.41006130E-05
   6.14211273       1.40730926E-05
   6.13905668       1.40456577E-05
   6.13600302       1.40183038E-05
   6.13295269       1.39910253E-05
   6.12990522       1.39638332E-05
   6.12686062       1.39367139E-05
   6.12381983       1.39096774E-05
   6.12078142       1.38827227E-05
   6.11774588       1.38558416E-05
   6.11471415       1.38290452E-05
   6.11168480       1.38023242E-05
   6.10865831       1.37756797E-05
   6.10563517       1.37491152E-05
   6.10261488       1.37226243E-05
   6.09959745       1.36962144E-05
   6.09658337       1.36698809E-05
   6.09357214       1.36436211E-05
   6.09056377       1.36174394E-05
   6.08755875       1.35913360E-05
   6.08455610       1.35653008E-05
   6.08155680       1.35393484E-05
   6.07856035       1.35134687E-05
   6.07556629       1.34876591E-05
   6.07257605       1.34619313E-05
   6.06958818       1.34362708E-05
   6.06660366       1.34106867E-05
   6.06362200       1.33851781E-05
   6.06064272       1.33597359E-05
   6.05766726       1.33343747E-05
   6.05469418       1.33090844E-05
   6.05172396       1.32838641E-05
   6.04875708       1.32587174E-05
   6.04579210       1.32336390E-05
   6.04283094       1.32086379E-05
   6.03987265       1.31837069E-05
   6.03691721       1.31588431E-05
   6.03396463       1.31340521E-05
   6.03101492       1.31093329E-05
   6.02806759       1.30846820E-05
   6.02512407       1.30601038E-05
   6.02218294       1.30355938E-05
   6.01924419       1.30111503E-05
   6.01630926       1.29867776E-05
   6.01337624       1.29624741E-05
   6.01044655       1.29382397E-05
   6.00752020       1.29140763E-05
   6.00459576       1.28899746E-05
   6.00167465       1.28659467E-05
   5.99875641       1.28419842E-05
   5.99584103       1.28180864E-05
   5.99292850       1.27942585E-05
   5.99001884       1.27704980E-05
   5.98711157       1.27468020E-05
   5.98420763       1.27231742E-05
   5.98130608       1.26996101E-05
   5.97840738       1.26761133E-05
   5.97551203       1.26526838E-05
   5.97261858       1.26293162E-05
   5.96972895       1.26060158E-05
   5.96684170       1.25827819E-05
   5.96395683       1.25596071E-05
   5.96107531       1.25365013E-05
   5.95819616       1.25134575E-05
   5.95531988       1.24904782E-05
   5.95244646       1.24675644E-05
   5.94957590       1.24447097E-05
   5.94670820       1.24219223E-05
   5.94384289       1.23991977E-05
   5.94098043       1.23765330E-05
   5.93812084       1.23539330E-05
   5.93526459       1.23313948E-05
   5.93241024       1.23089176E-05
   5.92955875       1.22865031E-05
   5.92671013       1.22641477E-05
   5.92386436       1.22418569E-05
   5.92102146       1.22196270E-05
   5.91818047       1.21974545E-05
   5.91534281       1.21753455E-05
   5.91250801       1.21532994E-05
   5.90967560       1.21313078E-05
   5.90684652       1.21093817E-05
   5.90401936       1.20875084E-05
   5.90119505       1.20657023E-05
   5.89837408       1.20439536E-05
   5.89555502       1.20222603E-05
   5.89273930       1.20006289E-05
   5.88992596       1.19790575E-05
   5.88711500       1.19575407E-05
   5.88430691       1.19360839E-05
   5.88150215       1.19146871E-05
   5.87869883       1.18933440E-05
   5.87589931       1.18720627E-05
   5.87310171       1.18508369E-05
   5.87030697       1.18296684E-05
   5.86751556       1.18085563E-05
   5.86472559       1.17874997E-05
   5.86193943       1.17665049E-05
   5.85915518       1.17455638E-05
   5.85637379       1.17246764E-05
   5.85359526       1.17038471E-05
   5.85081863       1.16830724E-05
   5.84804535       1.16623560E-05
   5.84527493       1.16416950E-05
   5.84250641       1.16210831E-05
   5.83974075       1.16005322E-05
   5.83697796       1.15800358E-05
   5.83421755       1.15595903E-05
   5.83145952       1.15392022E-05
   5.82870483       1.15188705E-05
   5.82595205       1.14985860E-05
   5.82320213       1.14783625E-05
   5.82045460       1.14581871E-05
   5.81770992       1.14380682E-05
   5.81496763       1.14180048E-05
   5.81222820       1.13979886E-05
   5.80949116       1.13780288E-05
   5.80675697       1.13581236E-05
   5.80402470       1.13382657E-05
   5.80129576       1.13184633E-05
   5.79856873       1.12987100E-05
   5.79584455       1.12790131E-05
   5.79312325       1.12593661E-05
   5.79040384       1.12397684E-05
   5.78768730       1.12202251E-05
   5.78497362       1.12007356E-05
   5.78226185       1.11812906E-05
   5.77955341       1.11619020E-05
   5.77684689       1.11425616E-05
   5.77414274       1.11232712E-05
   5.77144194       1.11040317E-05
   5.76874304       1.10848414E-05
   5.76604652       1.10657029E-05
   5.76335335       1.10466153E-05
   5.76066160       1.10275732E-05
   5.75797319       1.10085830E-05
   5.75528717       1.09896428E-05
   5.75260305       1.09707489E-05
   5.74992228       1.09519060E-05
   5.74724340       1.09331104E-05
   5.74456739       1.09143666E-05
   5.74189377       1.08956701E-05
   5.73922253       1.08770191E-05
   5.73655367       1.08584190E-05
   5.73388767       1.08398681E-05
   5.73122358       1.08213608E-05
   5.72856236       1.08029044E-05
   5.72590399       1.07844953E-05
   5.72324753       1.07661308E-05
   5.72059345       1.07478163E-05
   5.71794176       1.07295446E-05
   5.71529293       1.07113246E-05
   5.71264696       1.06931511E-05
   5.71000242       1.06750194E-05
   5.70736122       1.06569378E-05
   5.70472193       1.06389025E-05
   5.70208502       1.06209109E-05
   5.69945097       1.06029665E-05
   5.69681883       1.05850668E-05
   5.69418955       1.05672152E-05
   5.69156265       1.05494082E-05
   5.68893766       1.05316431E-05
   5.68631554       1.05139261E-05
   5.68369627       1.04962555E-05
   5.68107843       1.04786250E-05
   5.67846394       1.04610417E-05
   5.67585135       1.04435048E-05
   5.67324114       1.04260089E-05
   5.67063332       1.04085593E-05
   5.66802788       1.03911498E-05
   5.66542530       1.03737893E-05
   5.66282463       1.03564716E-05
   5.66022635       1.03391949E-05
   5.65763092       1.03219645E-05
   5.65503740       1.03047769E-05
   5.65244627       1.02876284E-05
   5.64985800       1.02705271E-05
   5.64727163       1.02534686E-05
   5.64468765       1.02364511E-05
   5.64210606       1.02194763E-05
   5.63952684       1.02025433E-05
   5.63695002       1.01856540E-05
   5.63437557       1.01688065E-05
   5.63180351       1.01520000E-05
   5.62923384       1.01352371E-05
   5.62666655       1.01185160E-05
   5.62410116       1.01018331E-05
   5.62153864       1.00851958E-05
   5.61897802       1.00685957E-05
   5.61641979       1.00520410E-05
   5.61386442       1.00355255E-05
   5.61131048       1.00190491E-05
   5.60875988       1.00026155E-05
   5.60621119       0.00000000    
   5.60366440       0.00000000    
   5.60112047       0.00000000    
   5.59857845       0.00000000    
   5.59603882       0.00000000    
   5.59350157       0.00000000    
   5.59096670       0.00000000    
   5.58843422       0.00000000    
   5.58590364       0.00000000    
   5.58337545       0.00000000    
   5.58084965       0.00000000    
   5.57832670       0.00000000    
   5.57580519       0.00000000    
   5.57328653       0.00000000    
   5.57076931       0.00000000    
   5.56825495       0.00000000    
   5.56574297       0.00000000    
   5.56323290       0.00000000    
   5.56072569       0.00000000    
   5.55822039       0.00000000    
   5.55571699       0.00000000    
   5.55321646       0.00000000    
   5.55071783       0.00000000    
   5.54822159       0.00000000    
   5.54572773       0.00000000    
   5.54323530       0.00000000    
   5.54074621       0.00000000    
   5.53825903       0.00000000    
   5.53577328       0.00000000    
   5.53329086       0.00000000    
   5.53081036       0.00000000    
   5.52833128       0.00000000    
   5.52585554       0.00000000    
   5.52338123       0.00000000    
   5.52090931       0.00000000    
   5.51844025       0.00000000    
   5.51597261       0.00000000    
   5.51350737       0.00000000    
   5.51104450       0.00000000    
   5.50858355       0.00000000    
   5.50612497       0.00000000    
   5.50366879       0.00000000    
   5.50121450       0.00000000    
   5.49876261       0.00000000    
   5.49631262       0.00000000    
   5.49386501       0.00000000    
   5.49141979       0.00000000    
   5.48897600       0.00000000    
   5.48653507       0.00000000    
   5.48409653       0.00000000    
   5.48165941       0.00000000    
   5.47922516       0.00000000    
   5.47679234       0.00000000    
   5.47436237       0.00000000    
   5.47193432       0.00000000    
   5.46950817       0.00000000    
   5.46708441       0.00000000    
   5.46466255       0.00000000    
   5.46224308       0.00000000    
   5.45982552       0.00000000    
   5.45741081       0.00000000    
   5.45499706       0.00000000    
   5.45258617       0.00000000    
   5.45017719       0.00000000    
   5.44777060       0.00000000    
   5.44536638       0.00000000    
   5.44296360       0.00000000    
   5.44056320       0.00000000    
   5.43816519       0.00000000    
   5.43576908       0.00000000    
   5.43337488       0.00000000    
   5.43098307       0.00000000    
   5.42859316       0.00000000    
   5.42620564       0.00000000    
   5.42381954       0.00000000    
   5.42143631       0.00000000    
   5.41905499       0.00000000    
   5.41667557       0.00000000    
   5.41429853       0.00000000    
   5.41192341       0.00000000    
   5.40955019       0.00000000    
   5.40717936       0.00000000    
   5.40480995       0.00000000    
   5.40244341       0.00000000    
   5.40007877       0.00000000    
   5.39771605       0.00000000    
   5.39535522       0.00000000    
   5.39299679       0.00000000    
   5.39064026       0.00000000    
   5.38828611       0.00000000    
   5.38593340       0.00000000    
   5.38358307       0.00000000    
   5.38123512       0.00000000    
   5.37888861       0.00000000    
   5.37654448       0.00000000    
   5.37420225       0.00000000    
   5.37186193       0.00000000    
   5.36952400       0.00000000    
   5.36718845       0.00000000    
   5.36485386       0.00000000    
   5.36252213       0.00000000    
   5.36019182       0.00000000    
   5.35786438       0.00000000    
   5.35553837       0.00000000    
   5.35321426       0.00000000    
   5.35089254       0.00000000    
   5.34857273       0.00000000    
   5.34625483       0.00000000    
   5.34393930       0.00000000    
   5.34162521       0.00000000    
   5.33931351       0.00000000    
   5.33700371       0.00000000    
   5.33469582       0.00000000    
   5.33238983       0.00000000    
   5.33008623       0.00000000    
   5.32778406       0.00000000    
   5.32548428       0.00000000    
   5.32318640       0.00000000    
   5.32089043       0.00000000    
   5.31859684       0.00000000    
   5.31630468       0.00000000    
   5.31401491       0.00000000    
   5.31172705       0.00000000    
   5.30944061       0.00000000    
   5.30715656       0.00000000    
   5.30487490       0.00000000    
   5.30259418       0.00000000    
   5.30031633       0.00000000    
   5.29804039       0.00000000    
   5.29576588       0.00000000    
   5.29349375       0.00000000    
   5.29122305       0.00000000    
   5.28895473       0.00000000    
   5.28668833       0.00000000    
   5.28442335       0.00000000    
   5.28216124       0.00000000    
   5.27990055       0.00000000    
   5.27764177       0.00000000    
   5.27538490       0.00000000    
   5.27312994       0.00000000    
   5.27087688       0.00000000    
   5.26862621       0.00000000    
   5.26637697       0.00000000    
   5.26412964       0.00000000    
   5.26188469       0.00000000    
   5.25964117       0.00000000    
   5.25740004       0.00000000    
   5.25516033       0.00000000    
   5.25292253       0.00000000    
   5.25068712       0.00000000    
   5.24845314       0.00000000    
   5.24622107       0.00000000    
   5.24399137       0.00000000    
   5.24176311       0.00000000    
   5.23953724       0.00000000    
   5.23731279       0.00000000    
   5.23509026       0.00000000    
   5.23286963       0.00000000    
   5.23065090       0.00000000    
   5.22843409       0.00000000    
   5.22621918       0.00000000    
   5.22400618       0.00000000    
   5.22179508       0.00000000    
   5.21958590       0.00000000    
   5.21737814       0.00000000    
   5.21517277       0.00000000    
   5.21296930       0.00000000    
   5.21076727       0.00000000    
   5.20856762       0.00000000    
   5.20636892       0.00000000    
   5.20417309       0.00000000    
   5.20197868       0.00000000    
   5.19978571       0.00000000    
   5.19759512       0.00000000    
   5.19540644       0.00000000    
   5.19321918       0.00000000    
   5.19103432       0.00000000    
   5.18885088       0.00000000    
   5.18666935       0.00000000    
   5.18448973       0.00000000    
   5.18231153       0.00000000    
   5.18013573       0.00000000    
   5.17796183       0.00000000    
   5.17578936       0.00000000    
   5.17361879       0.00000000    
   5.17145014       0.00000000    
   5.16928291       0.00000000    
   5.16711807       0.00000000    
   5.16495466       0.00000000    
   5.16279316       0.00000000    
   5.16063356       0.00000000    
   5.15847588       0.00000000    
   5.15631962       0.00000000    
   5.15416574       0.00000000    
   5.15201283       0.00000000    
   5.14986229       0.00000000    
   5.14771318       0.00000000    
   5.14556646       0.00000000    
   5.14342117       0.00000000    
   5.14127779       0.00000000    
   5.13913584       0.00000000    
   5.13699627       0.00000000    
   5.13485813       0.00000000    
   5.13272190       0.00000000    
   5.13058710       0.00000000    
   5.12845421       0.00000000    
   5.12632322       0.00000000    
   5.12419367       0.00000000    
   5.12206650       0.00000000    
   5.11994076       0.00000000    
   5.11781693       0.00000000    
   5.11569452       0.00000000    
   5.11357450       0.00000000    
   5.11145544       0.00000000    
   5.10933876       0.00000000    
   5.10722303       0.00000000    
   5.10510969       0.00000000    
   5.10299826       0.00000000    
   5.10088825       0.00000000    
   5.09878016       0.00000000    
   5.09667397       0.00000000    
   5.09456873       0.00000000    
   5.09246588       0.00000000    
   5.09036493       0.00000000    
   5.08826542       0.00000000    
   5.08616781       0.00000000    
   5.08407116       0.00000000    
   5.08197737       0.00000000    
   5.07988453       0.00000000    
   5.07779360       0.00000000    
   5.07570457       0.00000000    
   5.07361746       0.00000000    
   5.07153130       0.00000000    
   5.06944752       0.00000000    
   5.06736517       0.00000000    
   5.06528473       0.00000000    
   5.06320572       0.00000000    
   5.06112862       0.00000000    
   5.05905294       0.00000000    
   5.05697966       0.00000000    
   5.05490732       0.00000000    
   5.05283689       0.00000000    
   5.05076838       0.00000000    
   5.04870129       0.00000000    
   5.04663610       0.00000000    
   5.04457235       0.00000000    
   5.04251051       0.00000000    
   5.04045057       0.00000000    
   5.03839159       0.00000000    
   5.03633499       0.00000000    
   5.03427982       0.00000000    
   5.03222609       0.00000000    
   5.03017473       0.00000000    
   5.02812433       0.00000000    
   5.02607584       0.00000000    
   5.02402925       0.00000000    
   5.02198362       0.00000000    
   5.01994038       0.00000000    
   5.01789856       0.00000000    
   5.01585817       0.00000000    
   5.01381969       0.00000000    
   5.01178312       0.00000000    
   5.00974798       0.00000000    
   5.00771427       0.00000000    
   5.00568247       0.00000000    
   5.00365210       0.00000000    
   5.00162363       0.00000000    
   4.99959660       0.00000000    
   4.99757147       0.00000000    
   4.99554777       0.00000000    
   4.99352551       0.00000000    
   4.99150515       0.00000000    
   4.98948669       0.00000000    
   4.98746920       0.00000000    
   4.98545408       0.00000000    
   4.98343992       0.00000000    
   4.98142767       0.00000000    
   4.97941732       0.00000000    
   4.97740793       0.00000000    
   4.97540092       0.00000000    
   4.97339535       0.00000000    
   4.97139072       0.00000000    
   4.96938848       0.00000000    
   4.96738720       0.00000000    
   4.96538830       0.00000000    
   4.96339035       0.00000000    
   4.96139431       0.00000000    
   4.95939970       0.00000000    
