   25.2512703       0.00000000    
   25.1996899       0.00000000    
   25.1483231       0.00000000    
   25.0971622       0.00000000    
   25.0462093       0.00000000    
   24.9954624       0.00000000    
   24.9449234       0.00000000    
   24.8945866       0.00000000    
   24.8444538       0.00000000    
   24.7945194       0.00000000    
   24.7447891       0.00000000    
   24.6952553       0.00000000    
   24.6459198       0.00000000    
   24.5967808       0.00000000    
   24.5478382       0.00000000    
   24.4990902       0.00000000    
   24.4505348       0.00000000    
   24.4021740       0.00000000    
   24.3540001       0.00000000    
   24.3060188       0.00000000    
   24.2582245       0.00000000    
   24.2106190       0.00000000    
   24.1631985       0.00000000    
   24.1159649       0.00000000    
   24.0689144       0.00000000    
   24.0220490       0.00000000    
   23.9753628       0.00000000    
   23.9288616       0.00000000    
   23.8825359       0.00000000    
   23.8363934       0.00000000    
   23.7904263       0.00000000    
   23.7446365       0.00000000    
   23.6990223       0.00000000    
   23.6535854       0.00000000    
   23.6083202       0.00000000    
   23.5632286       0.00000000    
   23.5183105       0.00000000    
   23.4735603       0.00000000    
   23.4289818       0.00000000    
   23.3845711       0.00000000    
   23.3403301       0.00000000    
   23.2962551       0.00000000    
   23.2523460       0.00000000    
   23.2086029       0.00000000    
   23.1650238       0.00000000    
   23.1216068       0.00000000    
   23.0783539       0.00000000    
   23.0352612       0.00000000    
   22.9923325       0.00000000    
   22.9495602       0.00000000    
   22.9069481       0.00000000    
   22.8644943       0.00000000    
   22.8221951       0.00000000    
   22.7800522       0.00000000    
   22.7380676       0.00000000    
   22.6962357       0.00000000    
   22.6545582       0.00000000    
   22.6130333       0.00000000    
   22.5716591       0.00000000    
   22.5304375       0.00000000    
   22.4893646       0.00000000    
   22.4484444       0.00000000    
   22.4076691       0.00000000    
   22.3670444       0.00000000    
   22.3265648       0.00000000    
   22.2862320       0.00000000    
   22.2460442       0.00000000    
   22.2060032       0.00000000    
   22.1661034       0.00000000    
   22.1263485       0.00000000    
   22.0867367       0.00000000    
   22.0472641       0.00000000    
   22.0079327       0.00000000    
   21.9687443       0.00000000    
   21.9296932       0.00000000    
   21.8907795       0.00000000    
   21.8520050       0.00000000    
   21.8133659       0.00000000    
   21.7748661       0.00000000    
   21.7364998       0.00000000    
   21.6982708       0.00000000    
   21.6601734       0.00000000    
   21.6222115       0.00000000    
   21.5843792       0.00000000    
   21.5466824       0.00000000    
   21.5091171       0.00000000    
   21.4716797       0.00000000    
   21.4343739       0.00000000    
   21.3971977       0.00000000    
   21.3601513       0.00000000    
   21.3232327       0.00000000    
   21.2864399       0.00000000    
   21.2497749       0.00000000    
   21.2132359       0.00000000    
   21.1768208       0.00000000    
   21.1405334       0.00000000    
   21.1043682       0.00000000    
   21.0683270       0.00000000    
   21.0324078       0.00000000    
   20.9966125       0.00000000    
   20.9609375       0.00000000    
   20.9253845       0.00000000    
   20.8899517       0.00000000    
   20.8546391       0.00000000    
   20.8194447       0.00000000    
   20.7843685       0.00000000    
   20.7494106       0.00000000    
   20.7145710       0.00000000    
   20.6798496       0.00000000    
   20.6452408       0.00000000    
   20.6107502       0.00000000    
   20.5763741       0.00000000    
   20.5421124       0.00000000    
   20.5079632       0.00000000    
   20.4739304       0.00000000    
   20.4400063       0.00000000    
   20.4061985       0.00000000    
   20.3724995       0.00000000    
   20.3389130       0.00000000    
   20.3054371       0.00000000    
   20.2720699       0.00000000    
   20.2388134       0.00000000    
   20.2056656       0.00000000    
   20.1726265       0.00000000    
   20.1396942       0.00000000    
   20.1068707       0.00000000    
   20.0741539       0.00000000    
   20.0415421       0.00000000    
   20.0090370       0.00000000    
   19.9766369       0.00000000    
   19.9443417       0.00000000    
   19.9121513       0.00000000    
   19.8800640       0.00000000    
   19.8480797       0.00000000    
   19.8161983       0.00000000    
   19.7844200       0.00000000    
   19.7527409       0.00000000    
   19.7211666       0.00000000    
   19.6896915       0.00000000    
   19.6583157       0.00000000    
   19.6270409       0.00000000    
   19.5958652       0.00000000    
   19.5647888       0.00000000    
   19.5338097       0.00000000    
   19.5029278       0.00000000    
   19.4721470       0.00000000    
   19.4414616       0.00000000    
   19.4108715       0.00000000    
   19.3803787       0.00000000    
   19.3499813       0.00000000    
   19.3196774       0.00000000    
   19.2894707       0.00000000    
   19.2593555       0.00000000    
   19.2293377       0.00000000    
   19.1994114       0.00000000    
   19.1695786       0.00000000    
   19.1398373       0.00000000    
   19.1101894       0.00000000    
   19.0806332       0.00000000    
   19.0511665       0.00000000    
   19.0217934       0.00000000    
   18.9925098       0.00000000    
   18.9633141       0.00000000    
   18.9342098       0.00000000    
   18.9051933       0.00000000    
   18.8762703       0.00000000    
   18.8474312       0.00000000    
   18.8186798       0.00000000    
   18.7900200       0.00000000    
   18.7614441       0.00000000    
   18.7329540       0.00000000    
   18.7045536       0.00000000    
   18.6762371       0.00000000    
   18.6480064       0.00000000    
   18.6198597       0.00000000    
   18.5917988       0.00000000    
   18.5638256       0.00000000    
   18.5359325       0.00000000    
   18.5081234       0.00000000    
   18.4804001       0.00000000    
   18.4527569       0.00000000    
   18.4251976       0.00000000    
   18.3977203       0.00000000    
   18.3703232       0.00000000    
   18.3430119       0.00000000    
   18.3157787       0.00000000    
   18.2886257       0.00000000    
   18.2615547       0.00000000    
   18.2345638       0.00000000    
   18.2076511       0.00000000    
   18.1808186       0.00000000    
   18.1540642       0.00000000    
   18.1273899       0.00000000    
   18.1007919       0.00000000    
   18.0742722       0.00000000    
   18.0478325       0.00000000    
   18.0214672       0.00000000    
   17.9951801       0.00000000    
   17.9689713       0.00000000    
   17.9428368       0.00000000    
   17.9167767       0.00000000    
   17.8907948       0.00000000    
   17.8648853       0.00000000    
   17.8390541       0.00000000    
   17.8132973       0.00000000    
   17.7876129       0.00000000    
   17.7620029       0.00000000    
   17.7364674       0.00000000    
   17.7110043       0.00000000    
   17.6856155       0.00000000    
   17.6602974       0.00000000    
   17.6350517       0.00000000    
   17.6098785       0.00000000    
   17.5847778       0.00000000    
   17.5597496       0.00000000    
   17.5347900       0.00000000    
   17.5099030       0.00000000    
   17.4850864       0.00000000    
   17.4603405       0.00000000    
   17.4356632       0.00000000    
   17.4110546       0.00000000    
   17.3865166       0.00000000    
   17.3620491       0.00000000    
   17.3376484       0.00000000    
   17.3133163       0.00000000    
   17.2890549       0.00000000    
   17.2648602       0.00000000    
   17.2407322       0.00000000    
   17.2166729       0.00000000    
   17.1926785       0.00000000    
   17.1687508       0.00000000    
   17.1448917       0.00000000    
   17.1210976       0.00000000    
   17.0973701       0.00000000    
   17.0737076       0.00000000    
   17.0501099       0.00000000    
   17.0265808       0.00000000    
   17.0031128       0.00000000    
   16.9797096       0.00000000    
   16.9563713       0.00000000    
   16.9330978       0.00000000    
   16.9098892       0.00000000    
   16.8867416       0.00000000    
   16.8636589       0.00000000    
   16.8406391       0.00000000    
   16.8176823       0.00000000    
   16.7947865       0.00000000    
   16.7719555       0.00000000    
   16.7491837       0.00000000    
   16.7264748       0.00000000    
   16.7038269       0.00000000    
   16.6812401       0.00000000    
   16.6587162       0.00000000    
   16.6362514       0.00000000    
   16.6138477       0.00000000    
   16.5915051       0.00000000    
   16.5692215       0.00000000    
   16.5469971       0.00000000    
   16.5248337       0.00000000    
   16.5027294       0.00000000    
   16.4806824       0.00000000    
   16.4586945       0.00000000    
   16.4367657       0.00000000    
   16.4148979       2.40357276E-05
   16.3930855       5.59911423E-04
   16.3713303       6.04863232E-03
   16.3496342       3.02991159E-02
   16.3279953       7.03953505E-02
   16.3064137       7.58463591E-02
   16.2848873       3.79151963E-02
   16.2634201       9.50450636E-03
   16.2420082       1.38886236E-02
   16.2206535      0.107464880    
   16.1993542      0.413362026    
   16.1781120      0.737651825    
   16.1569233      0.610492945    
   16.1357899      0.234307066    
   16.1147156       4.17095125E-02
   16.0936928       3.44283506E-03
   16.0727253       1.31786932E-04
   16.0518112       0.00000000    
   16.0309525       0.00000000    
   16.0101490       0.00000000    
   15.9893990       0.00000000    
   15.9687023       0.00000000    
   15.9480600       0.00000000    
   15.9274702       0.00000000    
   15.9069328       0.00000000    
   15.8864489       0.00000000    
   15.8660173       0.00000000    
   15.8456392       0.00000000    
   15.8253126       0.00000000    
   15.8050385       0.00000000    
   15.7848167       0.00000000    
   15.7646456       0.00000000    
   15.7445259       0.00000000    
   15.7244596       0.00000000    
   15.7044420       0.00000000    
   15.6844759       0.00000000    
   15.6645603       0.00000000    
   15.6446953       0.00000000    
   15.6248817       0.00000000    
   15.6051168       0.00000000    
   15.5854025       0.00000000    
   15.5657387       0.00000000    
   15.5461235       0.00000000    
   15.5265579       0.00000000    
   15.5070410       0.00000000    
   15.4875727       0.00000000    
   15.4681549       0.00000000    
   15.4487848       0.00000000    
   15.4294634       0.00000000    
   15.4101906       0.00000000    
   15.3909655       0.00000000    
   15.3717880       0.00000000    
   15.3526592       0.00000000    
   15.3335772       0.00000000    
   15.3145418       0.00000000    
   15.2955542       0.00000000    
   15.2766132       0.00000000    
   15.2577209       0.00000000    
   15.2388735       0.00000000    
   15.2200727       0.00000000    
   15.2013197       0.00000000    
   15.1826115       0.00000000    
   15.1639490       0.00000000    
   15.1453342       0.00000000    
   15.1267614       0.00000000    
   15.1082382       0.00000000    
   15.0897579       0.00000000    
   15.0713234       0.00000000    
   15.0529346       0.00000000    
   15.0345898       0.00000000    
   15.0162897       0.00000000    
   14.9980345       0.00000000    
   14.9798222       0.00000000    
   14.9616556       0.00000000    
   14.9435329       0.00000000    
   14.9254532       0.00000000    
   14.9074183       0.00000000    
   14.8894262       0.00000000    
   14.8714771       0.00000000    
   14.8535728       0.00000000    
   14.8357105       0.00000000    
   14.8178911       0.00000000    
   14.8001156       0.00000000    
   14.7823792       0.00000000    
   14.7646885       0.00000000    
   14.7470398       0.00000000    
   14.7294321       0.00000000    
   14.7118673       0.00000000    
   14.6943445       0.00000000    
   14.6768627       0.00000000    
   14.6594229       0.00000000    
   14.6420231       0.00000000    
   14.6246662       0.00000000    
   14.6073503       0.00000000    
   14.5900745       0.00000000    
   14.5728407       0.00000000    
   14.5556469       0.00000000    
   14.5384932       0.00000000    
   14.5213814       0.00000000    
   14.5043077       0.00000000    
   14.4872751       0.00000000    
   14.4702835       0.00000000    
   14.4533291       0.00000000    
   14.4364166       0.00000000    
   14.4195423       0.00000000    
   14.4027081       0.00000000    
   14.3859138       0.00000000    
   14.3691578       0.00000000    
   14.3524408       0.00000000    
   14.3357639       0.00000000    
   14.3191233       0.00000000    
   14.3025236       0.00000000    
   14.2859621       0.00000000    
   14.2694359       0.00000000    
   14.2529516       0.00000000    
   14.2365036       0.00000000    
   14.2200937       0.00000000    
   14.2037220       0.00000000    
   14.1873875       0.00000000    
   14.1710901       0.00000000    
   14.1548319       0.00000000    
   14.1386080       0.00000000    
   14.1224241       0.00000000    
   14.1062756       0.00000000    
   14.0901642       0.00000000    
   14.0740910       0.00000000    
   14.0580530       0.00000000    
   14.0420513       0.00000000    
   14.0260878       0.00000000    
   14.0101585       0.00000000    
   13.9942656       0.00000000    
   13.9784107       0.00000000    
   13.9625883       0.00000000    
   13.9468040       0.00000000    
   13.9310551       0.00000000    
   13.9153414       0.00000000    
   13.8996639       0.00000000    
   13.8840208       0.00000000    
   13.8684130       0.00000000    
   13.8528404       0.00000000    
   13.8373013       0.00000000    
   13.8217993       0.00000000    
   13.8063307       0.00000000    
   13.7908974       0.00000000    
   13.7754993       0.00000000    
   13.7601337       0.00000000    
   13.7448034       0.00000000    
   13.7295074       0.00000000    
   13.7142448       0.00000000    
   13.6990156       0.00000000    
   13.6838217       0.00000000    
   13.6686592       0.00000000    
   13.6535330       0.00000000    
   13.6384382       0.00000000    
   13.6233768       0.00000000    
   13.6083508       0.00000000    
   13.5933561       0.00000000    
   13.5783939       0.00000000    
   13.5634661       0.00000000    
   13.5485697       0.00000000    
   13.5337076       0.00000000    
   13.5188761       0.00000000    
   13.5040779       0.00000000    
   13.4893131       0.00000000    
   13.4745798       0.00000000    
   13.4598780       0.00000000    
   13.4452095       0.00000000    
   13.4305725       0.00000000    
   13.4159670       0.00000000    
   13.4013939       0.00000000    
   13.3868504       0.00000000    
   13.3723402       0.00000000    
   13.3578615       0.00000000    
   13.3434134       0.00000000    
   13.3289976       0.00000000    
   13.3146114       0.00000000    
   13.3002567       1.31888097E-04
   13.2859344       1.19935547E-03
   13.2716398       5.05924923E-03
   13.2573795       9.89532471E-03
   13.2431479       8.97603296E-03
   13.2289467       3.77621897E-03
   13.2147770       7.62070820E-04
   13.2006369       8.63210473E-04
   13.1865263       1.15969544E-02
   13.1724472       7.82500356E-02
   13.1583977      0.244951606    
   13.1443777      0.355598986    
   13.1303883      0.239822805    
   13.1164265       8.61229822E-02
   13.1024971      0.153051317    
   13.0885954      0.824646294    
   13.0747242       2.21339846    
   13.0608826       2.75744224    
   13.0470695       1.59313655    
   13.0332861      0.426849693    
   13.0195322       5.30461483E-02
   13.0058050       3.05594457E-03
   12.9921093       8.16819302E-05
   12.9784412       0.00000000    
   12.9648018       0.00000000    
   12.9511919       0.00000000    
   12.9376097       0.00000000    
   12.9240561       0.00000000    
   12.9105320       0.00000000    
   12.8970346       0.00000000    
   12.8835659       0.00000000    
   12.8701258       0.00000000    
   12.8567123       0.00000000    
   12.8433285       0.00000000    
   12.8299713       0.00000000    
   12.8166428       0.00000000    
   12.8033419       0.00000000    
   12.7900677       0.00000000    
   12.7768211       0.00000000    
   12.7636032       0.00000000    
   12.7504101       0.00000000    
   12.7372465       0.00000000    
   12.7241096       0.00000000    
   12.7109995       0.00000000    
   12.6979170       0.00000000    
   12.6848602       0.00000000    
   12.6718311       0.00000000    
   12.6588287       0.00000000    
   12.6458530       0.00000000    
   12.6329031       0.00000000    
   12.6199808       0.00000000    
   12.6070833       0.00000000    
   12.5942135       0.00000000    
   12.5813694       2.82337242E-05
   12.5685520       5.88668161E-04
   12.5557613       5.69097744E-03
   12.5429955       2.55199131E-02
   12.5302553       5.31046875E-02
   12.5175419       5.19874915E-02
   12.5048532       3.08583006E-02
   12.4921913       4.10448499E-02
   12.4795551       7.70980045E-02
   12.4669428       7.50689209E-02
   12.4543581       3.40823010E-02
   12.4417973       7.17740040E-03
   12.4292622       7.00947945E-04
   12.4167528       3.17537342E-05
   12.4042683       0.00000000    
   12.3918085       0.00000000    
   12.3793745       0.00000000    
   12.3669634       0.00000000    
   12.3545790       0.00000000    
   12.3422194       0.00000000    
   12.3298836       0.00000000    
   12.3175735       0.00000000    
   12.3052874       0.00000000    
   12.2930250       0.00000000    
   12.2807884       0.00000000    
   12.2685757       0.00000000    
   12.2563868       0.00000000    
   12.2442236       0.00000000    
   12.2320814       0.00000000    
   12.2199659       0.00000000    
   12.2078733       0.00000000    
   12.1958055       0.00000000    
   12.1837616       0.00000000    
   12.1717405       0.00000000    
   12.1597433       0.00000000    
   12.1477699       0.00000000    
   12.1358194       0.00000000    
   12.1238937       0.00000000    
   12.1119900       0.00000000    
   12.1001110       0.00000000    
   12.0882549       0.00000000    
   12.0764217       0.00000000    
   12.0646114       0.00000000    
   12.0528250       0.00000000    
   12.0410614       0.00000000    
   12.0293198       0.00000000    
   12.0176029       0.00000000    
   12.0059061       0.00000000    
   11.9942341       0.00000000    
   11.9825840       0.00000000    
   11.9709568       0.00000000    
   11.9593525       0.00000000    
   11.9477701       0.00000000    
   11.9362106       0.00000000    
   11.9246731       0.00000000    
   11.9131575       0.00000000    
   11.9016647       0.00000000    
   11.8901939       0.00000000    
   11.8787451       0.00000000    
   11.8673191       0.00000000    
   11.8559141       0.00000000    
   11.8445311       1.02683371E-05
   11.8331709       1.74792673E-04
   11.8218307       1.38073158E-03
   11.8105135       5.09311398E-03
   11.7992182       9.70826671E-03
   11.7879429       2.15658620E-02
   11.7766905       9.26171318E-02
   11.7654591      0.254964590    
   11.7542486      0.333935440    
   11.7430611      0.215181798    
   11.7318935      0.177540034    
   11.7207470      0.533758223    
   11.7096233       1.06603372    
   11.6985188       1.00052965    
   11.6874361      0.435679197    
   11.6763744       8.79770890E-02
   11.6653328       8.23849440E-03
   11.6543140       3.57863726E-04
   11.6433144       0.00000000    
   11.6323357       0.00000000    
   11.6213789       0.00000000    
   11.6104412       0.00000000    
   11.5995245       0.00000000    
   11.5886288       0.00000000    
   11.5777521       0.00000000    
   11.5668974       0.00000000    
   11.5560627       0.00000000    
   11.5452480       0.00000000    
   11.5344543       0.00000000    
   11.5236797       0.00000000    
   11.5129251       0.00000000    
   11.5021915       0.00000000    
   11.4914770       0.00000000    
   11.4807835       0.00000000    
   11.4701090       0.00000000    
   11.4594545       0.00000000    
   11.4488201       0.00000000    
   11.4382048       0.00000000    
   11.4276094       0.00000000    
   11.4170351       0.00000000    
   11.4064789       0.00000000    
   11.3959417       0.00000000    
   11.3854256       0.00000000    
   11.3749266       0.00000000    
   11.3644485       0.00000000    
   11.3539896       0.00000000    
   11.3435497       0.00000000    
   11.3331289       0.00000000    
   11.3227272       0.00000000    
   11.3123446       0.00000000    
   11.3019819       0.00000000    
   11.2916365       0.00000000    
   11.2813110       0.00000000    
   11.2710047       7.45811485E-05
   11.2607164       7.95357511E-04
   11.2504482       5.51374257E-03
   11.2401972       3.26887146E-02
   11.2299652      0.136707783    
   11.2197533      0.302142233    
   11.2095585      0.321967125    
   11.1993818      0.197588846    
   11.1892252      0.246858522    
   11.1790848      0.505834639    
   11.1689644      0.553675830    
   11.1588621      0.282984912    
   11.1487770       6.70932904E-02
   11.1387119       7.37839006E-03
   11.1286640       3.76235635E-04
   11.1186333       0.00000000    
   11.1086226       0.00000000    
   11.0986280       0.00000000    
   11.0886526       0.00000000    
   11.0786953       0.00000000    
   11.0687542       0.00000000    
   11.0588331       0.00000000    
   11.0489283       0.00000000    
   11.0390415       0.00000000    
   11.0291729       0.00000000    
   11.0193214       0.00000000    
   11.0094881       0.00000000    
   10.9996719       0.00000000    
   10.9898720       0.00000000    
   10.9800920       0.00000000    
   10.9703274       0.00000000    
   10.9605808       0.00000000    
   10.9508524       0.00000000    
   10.9411402       0.00000000    
   10.9314451       0.00000000    
   10.9217672       0.00000000    
   10.9121075       0.00000000    
   10.9024639       0.00000000    
   10.8928375       0.00000000    
   10.8832283       0.00000000    
   10.8736353       0.00000000    
   10.8640594       0.00000000    
   10.8545008       0.00000000    
   10.8449593       0.00000000    
   10.8354340       0.00000000    
   10.8259258       0.00000000    
   10.8164339       0.00000000    
   10.8069592       0.00000000    
   10.7975006       0.00000000    
   10.7880583       0.00000000    
   10.7786322       0.00000000    
   10.7692242       0.00000000    
   10.7598314       0.00000000    
   10.7504549       0.00000000    
   10.7410955       0.00000000    
   10.7317514       0.00000000    
   10.7224236       0.00000000    
   10.7131128       0.00000000    
   10.7038183       0.00000000    
   10.6945391       0.00000000    
   10.6852760       0.00000000    
   10.6760292       0.00000000    
   10.6667986       0.00000000    
   10.6575832       0.00000000    
   10.6483841       0.00000000    
   10.6392012       0.00000000    
   10.6300344       0.00000000    
   10.6208830       0.00000000    
   10.6117468       0.00000000    
   10.6026268       0.00000000    
   10.5935230       0.00000000    
   10.5844336       0.00000000    
   10.5753603       0.00000000    
   10.5663033       0.00000000    
   10.5572605       0.00000000    
   10.5482340       0.00000000    
   10.5392227       0.00000000    
   10.5302277       0.00000000    
   10.5212469       0.00000000    
   10.5122814       0.00000000    
   10.5033312       0.00000000    
   10.4943972       0.00000000    
   10.4854774       0.00000000    
   10.4765720       0.00000000    
   10.4676828       0.00000000    
   10.4588089       0.00000000    
   10.4499502       0.00000000    
   10.4411058       0.00000000    
   10.4322758       0.00000000    
   10.4234619       0.00000000    
   10.4146624       0.00000000    
   10.4058781       0.00000000    
   10.3971090       0.00000000    
   10.3883533       0.00000000    
   10.3796129       0.00000000    
   10.3708878       0.00000000    
   10.3621769       0.00000000    
   10.3534803       0.00000000    
   10.3447981       0.00000000    
   10.3361311       0.00000000    
   10.3274794       0.00000000    
   10.3188410       0.00000000    
   10.3102169       0.00000000    
   10.3016071       0.00000000    
   10.2930126       0.00000000    
   10.2844324       0.00000000    
   10.2758656       0.00000000    
   10.2673130       0.00000000    
   10.2587757       0.00000000    
   10.2502518       0.00000000    
   10.2417421       0.00000000    
   10.2332478       0.00000000    
   10.2247658       0.00000000    
   10.2162981       0.00000000    
   10.2078447       0.00000000    
   10.1994057       0.00000000    
   10.1909809       0.00000000    
   10.1825686       0.00000000    
   10.1741714       0.00000000    
   10.1657877       0.00000000    
   10.1574183       0.00000000    
   10.1490612       0.00000000    
   10.1407194       0.00000000    
   10.1323910       0.00000000    
   10.1240759       0.00000000    
   10.1157742       0.00000000    
   10.1074867       0.00000000    
   10.0992126       0.00000000    
   10.0909510       0.00000000    
   10.0827036       0.00000000    
   10.0744705       0.00000000    
   10.0662508       0.00000000    
   10.0580435       0.00000000    
   10.0498495       0.00000000    
   10.0416698       0.00000000    
   10.0335026       0.00000000    
   10.0253487       0.00000000    
   10.0172091       0.00000000    
   10.0090818       0.00000000    
   10.0009680       0.00000000    
   9.99286652       0.00000000    
   9.98477936       0.00000000    
   9.97670460       0.00000000    
   9.96864319       0.00000000    
   9.96059418       0.00000000    
   9.95255947       0.00000000    
   9.94453621       0.00000000    
   9.93652630       0.00000000    
   9.92852974       0.00000000    
   9.92054653       0.00000000    
   9.91257477       0.00000000    
   9.90461636       0.00000000    
   9.89667034       0.00000000    
   9.88873863       0.00000000    
   9.88081837       0.00000000    
   9.87291050       0.00000000    
   9.86501503       0.00000000    
   9.85713387       0.00000000    
   9.84926414       0.00000000    
   9.84140682       0.00000000    
   9.83356190       0.00000000    
   9.82573032       0.00000000    
   9.81791115       0.00000000    
   9.81010342       0.00000000    
   9.80230904       0.00000000    
   9.79452705       0.00000000    
   9.78675652       0.00000000    
   9.77899933       0.00000000    
   9.77125454       0.00000000    
   9.76352119       0.00000000    
   9.75580025       0.00000000    
   9.74809074       0.00000000    
   9.74039459       0.00000000    
   9.73271084       0.00000000    
   9.72503757       0.00000000    
   9.71737766       0.00000000    
   9.70973015       0.00000000    
   9.70209408       0.00000000    
   9.69446945       0.00000000    
   9.68685818       0.00000000    
   9.67925739       0.00000000    
   9.67166901       0.00000000    
   9.66409302       0.00000000    
   9.65652943       0.00000000    
   9.64897633       0.00000000    
   9.64143467       0.00000000    
   9.63390541       0.00000000    
   9.62638855       0.00000000    
   9.61888409       0.00000000    
   9.61138916       0.00000000    
   9.60390568       0.00000000    
   9.59643555       0.00000000    
   9.58897781       0.00000000    
   9.58153057       0.00000000    
   9.57409382       0.00000000    
   9.56667042       0.00000000    
   9.55925655       0.00000000    
   9.55185604       0.00000000    
   9.54446602       0.00000000    
   9.53708839       0.00000000    
   9.52972031       0.00000000    
   9.52236366       0.00000000    
   9.51502037       0.00000000    
   9.50768757       0.00000000    
   9.50036621       0.00000000    
   9.49305534       0.00000000    
   9.48575592       0.00000000    
   9.47846794       0.00000000    
   9.47119141       0.00000000    
   9.46392632       0.00000000    
   9.45667171       0.00000000    
   9.44942760       0.00000000    
   9.44219494       0.00000000    
   9.43497372       0.00000000    
   9.42776394       0.00000000    
   9.42056561       0.00000000    
   9.41337681       0.00000000    
   9.40619946       0.00000000    
   9.39903259       0.00000000    
   9.39187813       0.00000000    
   9.38473415       0.00000000    
   9.37760067       0.00000000    
   9.37047672       0.00000000    
   9.36336422       0.00000000    
   9.35626316       0.00000000    
   9.34917355       0.00000000    
   9.34209442       0.00000000    
   9.33502483       0.00000000    
   9.32796574       0.00000000    
   9.32091808       0.00000000    
   9.31388187       0.00000000    
   9.30685616       0.00000000    
   9.29983902       0.00000000    
   9.29283428       0.00000000    
   9.28583908       0.00000000    
   9.27885532       0.00000000    
   9.27188206       0.00000000    
   9.26491928       0.00000000    
   9.25796604       0.00000000    
   9.25102329       0.00000000    
   9.24409199       0.00000000    
   9.23717022       0.00000000    
   9.23025990       0.00000000    
   9.22335815       0.00000000    
   9.21646786       0.00000000    
   9.20958710       0.00000000    
   9.20271778       0.00000000    
   9.19585896       0.00000000    
   9.18900967       0.00000000    
   9.18216991       0.00000000    
   9.17533970       0.00000000    
   9.16852093       0.00000000    
   9.16171265       0.00000000    
   9.15491390       0.00000000    
   9.14812469       0.00000000    
   9.14134693       0.00000000    
   9.13457775       0.00000000    
   9.12781906       0.00000000    
   9.12107086       0.00000000    
   9.11433315       0.00000000    
   9.10760403       0.00000000    
   9.10088444       0.00000000    
   9.09417629       0.00000000    
   9.08747768       0.00000000    
   9.08078861       0.00000000    
   9.07410908       0.00000000    
   9.06743908       0.00000000    
   9.06077957       0.00000000    
   9.05413055       0.00000000    
   9.04749107       0.00000000    
   9.04086113       0.00000000    
   9.03423977       0.00000000    
   9.02762794       0.00000000    
   9.02102661       0.00000000    
   9.01443577       0.00000000    
   9.00785446       0.00000000    
   9.00128078       0.00000000    
   8.99471760       0.00000000    
   8.98816490       0.00000000    
   8.98162174       0.00000000    
   8.97508812       0.00000000    
   8.96856213       0.00000000    
   8.96204758       0.00000000    
   8.95554161       0.00000000    
   8.94904518       0.00000000    
   8.94255924       0.00000000    
   8.93608189       0.00000000    
   8.92961311       0.00000000    
   8.92315388       0.00000000    
   8.91670418       0.00000000    
   8.91026497       0.00000000    
   8.90383434       0.00000000    
   8.89741230       0.00000000    
   8.89100075       0.00000000    
   8.88459682       0.00000000    
   8.87820339       0.00000000    
   8.87181950       0.00000000    
   8.86544418       0.00000000    
   8.85907745       0.00000000    
   8.85271931       0.00000000    
   8.84637165       0.00000000    
   8.84003258       0.00000000    
   8.83370399       0.00000000    
   8.82738209       0.00000000    
   8.82107067       0.00000000    
   8.81476784       0.00000000    
   8.80847359       0.00000000    
   8.80218983       0.00000000    
   8.79591465       0.00000000    
   8.78964710       0.00000000    
   8.78338814       0.00000000    
   8.77713966       0.00000000    
   8.77089977       0.00000000    
   8.76466846       0.00000000    
   8.75844574       0.00000000    
   8.75223160       0.00000000    
   8.74602699       0.00000000    
   8.73983192       0.00000000    
   8.73364449       0.00000000    
   8.72746563       0.00000000    
   8.72129631       0.00000000    
   8.71513462       0.00000000    
   8.70898247       0.00000000    
   8.70283890       0.00000000    
   8.69670486       0.00000000    
   8.69057751       0.00000000    
   8.68445969       0.00000000    
   8.67835045       0.00000000    
   8.67225075       0.00000000    
   8.66615868       0.00000000    
   8.66007519       0.00000000    
   8.65400028       0.00000000    
   8.64793396       0.00000000    
   8.64187622       0.00000000    
   8.63582706       0.00000000    
   8.62978649       0.00000000    
   8.62375355       0.00000000    
   8.61772919       0.00000000    
   8.61171341       0.00000000    
   8.60570717       0.00000000    
   8.59970856       0.00000000    
   8.59371758       0.00000000    
   8.58773518       0.00000000    
   8.58176136       0.00000000    
   8.57579613       0.00000000    
   8.56983852       0.00000000    
   8.56389046       0.00000000    
   8.55794907       0.00000000    
   8.55201626       0.00000000    
   8.54609203       0.00000000    
   8.54017639       0.00000000    
   8.53426933       0.00000000    
   8.52836895       0.00000000    
   8.52247620       0.00000000    
   8.51659298       0.00000000    
   8.51071835       0.00000000    
   8.50485134       0.00000000    
   8.49899197       0.00000000    
   8.49314117       0.00000000    
   8.48729801       0.00000000    
   8.48146343       0.00000000    
   8.47563648       0.00000000    
   8.46981812       0.00000000    
   8.46400642       0.00000000    
   8.45820236       0.00000000    
   8.45240784       0.00000000    
   8.44662094       0.00000000    
   8.44084263       0.00000000    
   8.43507099       0.00000000    
   8.42930794       0.00000000    
   8.42355156       0.00000000    
   8.41780376       0.00000000    
   8.41206455       0.00000000    
   8.40633297       0.00000000    
   8.40060806       0.00000000    
   8.39489174       0.00000000    
   8.38918304       0.00000000    
   8.38348293       0.00000000    
   8.37778950       0.00000000    
   8.37210369       0.00000000    
   8.36642647       0.00000000    
   8.36075592       0.00000000    
   8.35509396       0.00000000    
   8.34943962       0.00000000    
   8.34379292       0.00000000    
   8.33815289       0.00000000    
   8.33252048       0.00000000    
   8.32689667       0.00000000    
   8.32128048       0.00000000    
   8.31567192       0.00000000    
   8.31007004       0.00000000    
   8.30447578       0.00000000    
   8.29888916       0.00000000    
   8.29331112       0.00000000    
   8.28773975       0.00000000    
   8.28217602       0.00000000    
   8.27661896       0.00000000    
   8.27106953       0.00000000    
   8.26552868       0.00000000    
   8.25999451       0.00000000    
   8.25446796       0.00000000    
   8.24894905       0.00000000    
   8.24343586       0.00000000    
   8.23793221       0.00000000    
   8.23243523       0.00000000    
   8.22694492       0.00000000    
   8.22146225       0.00000000    
   8.21598721       0.00000000    
   8.21051884       0.00000000    
   8.20505810       0.00000000    
   8.19960499       0.00000000    
   8.19415951       0.00000000    
   8.18871975       0.00000000    
   8.18328762       0.00000000    
   8.17786312       0.00000000    
   8.17244625       0.00000000    
   8.16703606       0.00000000    
   8.16163254       0.00000000    
   8.15623760       0.00000000    
   8.15084743       0.00000000    
   8.14546680       0.00000000    
   8.14009190       0.00000000    
   8.13472557       0.00000000    
   8.12936401       0.00000000    
   8.12401009       0.00000000    
   8.11866474       0.00000000    
   8.11332512       0.00000000    
   8.10799313       0.00000000    
   8.10266781       0.00000000    
   8.09735012       0.00000000    
   8.09203815       0.00000000    
   8.08673382       0.00000000    
   8.08143711       0.00000000    
   8.07614708       0.00000000    
   8.07086277       0.00000000    
   8.06558609       0.00000000    
   8.06031609       0.00000000    
   8.05505371       0.00000000    
   8.04979801       0.00000000    
   8.04454899       0.00000000    
   8.03930569       0.00000000    
   8.03407097       0.00000000    
   8.02884197       0.00000000    
   8.02362061       0.00000000    
   8.01840496       0.00000000    
   8.01319790       0.00000000    
   8.00799561       0.00000000    
   8.00280094       0.00000000    
   7.99761343       0.00000000    
   7.99243259       0.00000000    
   7.98725748       0.00000000    
   7.98208904       0.00000000    
   7.97692823       0.00000000    
   7.97177362       0.00000000    
   7.96662617       0.00000000    
   7.96148443       0.00000000    
   7.95635033       0.00000000    
   7.95122194       0.00000000    
   7.94610071       0.00000000    
   7.94098616       0.00000000    
   7.93587828       0.00000000    
   7.93077612       0.00000000    
   7.92568064       0.00000000    
   7.92059231       0.00000000    
   7.91551065       0.00000000    
   7.91043568       0.00000000    
   7.90536594       0.00000000    
   7.90030384       0.00000000    
   7.89524746       0.00000000    
   7.89019823       0.00000000    
   7.88515568       0.00000000    
   7.88011932       0.00000000    
   7.87508821       0.00000000    
   7.87006426       0.00000000    
   7.86504698       0.00000000    
   7.86003637       0.00000000    
   7.85503197       0.00000000    
   7.85003328       0.00000000    
   7.84504080       0.00000000    
   7.84005594       0.00000000    
   7.83507681       0.00000000    
   7.83010435       0.00000000    
   7.82513714       0.00000000    
   7.82017708       0.00000000    
   7.81522274       0.00000000    
   7.81027508       0.00000000    
   7.80533409       0.00000000    
   7.80039930       0.00000000    
   7.79546976       0.00000000    
   7.79054642       0.00000000    
   7.78563023       0.00000000    
   7.78072023       0.00000000    
   7.77581644       0.00000000    
   7.77091789       0.00000000    
   7.76602650       0.00000000    
   7.76114035       0.00000000    
   7.75626087       0.00000000    
   7.75138807       0.00000000    
   7.74652100       0.00000000    
   7.74165916       0.00000000    
   7.73680401       0.00000000    
   7.73195505       0.00000000    
   7.72711277       0.00000000    
   7.72227621       0.00000000    
   7.71744490       0.00000000    
   7.71262026       0.00000000    
   7.70780134       0.00000000    
   7.70298862       0.00000000    
   7.69818258       0.00000000    
   7.69338179       0.00000000    
   7.68858671       0.00000000    
   7.68379784       0.00000000    
   7.67901516       0.00000000    
   7.67423868       0.00000000    
   7.66946793       0.00000000    
   7.66470242       0.00000000    
   7.65994310       0.00000000    
   7.65519047       0.00000000    
   7.65044355       0.00000000    
   7.64570236       0.00000000    
   7.64096689       0.00000000    
   7.63623714       0.00000000    
   7.63151264       0.00000000    
   7.62679529       0.00000000    
   7.62208319       0.00000000    
   7.61737728       0.00000000    
   7.61267662       0.00000000    
   7.60798120       0.00000000    
   7.60329294       0.00000000    
   7.59860992       0.00000000    
   7.59393263       0.00000000    
   7.58926105       0.00000000    
   7.58459520       0.00000000    
   7.57993460       0.00000000    
   7.57528067       0.00000000    
   7.57063198       0.00000000    
   7.56598949       0.00000000    
   7.56135178       0.00000000    
   7.55671978       0.00000000    
   7.55209398       0.00000000    
   7.54747391       0.00000000    
   7.54285955       0.00000000    
   7.53825045       0.00000000    
   7.53364706       0.00000000    
   7.52904892       0.00000000    
   7.52445745       0.00000000    
   7.51987123       0.00000000    
   7.51529026       0.00000000    
   7.51071453       0.00000000    
   7.50614452       0.00000000    
   7.50158024       0.00000000    
   7.49702215       0.00000000    
   7.49246883       0.00000000    
   7.48792124       0.00000000    
   7.48337936       0.00000000    
   7.47884226       0.00000000    
   7.47431135       0.00000000    
   7.46978617       0.00000000    
   7.46526623       0.00000000    
   7.46075106       0.00000000    
   7.45624161       0.00000000    
   7.45173788       0.00000000    
   7.44723988       0.00000000    
   7.44274712       0.00000000    
   7.43825912       0.00000000    
   7.43377686       0.00000000    
   7.42930031       0.00000000    
   7.42482948       0.00000000    
   7.42036390       0.00000000    
   7.41590261       0.00000000    
   7.41144800       0.00000000    
   7.40699768       0.00000000    
   7.40255356       0.00000000    
   7.39811468       0.00000000    
   7.39368105       0.00000000    
   7.38925171       0.00000000    
   7.38482809       0.00000000    
   7.38041067       0.00000000    
   7.37599802       0.00000000    
   7.37159109       0.00000000    
   7.36718845       0.00000000    
   7.36279202       0.00000000    
   7.35839987       0.00000000    
   7.35401392       0.00000000    
   7.34963274       0.00000000    
   7.34525728       0.00000000    
   7.34088612       0.00000000    
   7.33652020       0.00000000    
   7.33216000       0.00000000    
   7.32780504       0.00000000    
   7.32345533       0.00000000    
   7.31911039       0.00000000    
   7.31477070       0.00000000    
   7.31043577       0.00000000    
   7.30610657       0.00000000    
   7.30178261       0.00000000    
   7.29746389       0.00000000    
   7.29314947       0.00000000    
   7.28883982       0.00000000    
   7.28453636       0.00000000    
   7.28023767       0.00000000    
   7.27594423       0.00000000    
   7.27165556       0.00000000    
   7.26737118       0.00000000    
   7.26309299       0.00000000    
   7.25881958       0.00000000    
   7.25455141       0.00000000    
   7.25028753       0.00000000    
   7.24602938       0.00000000    
   7.24177551       0.00000000    
   7.23752737       0.00000000    
   7.23328400       0.00000000    
   7.22904587       0.00000000    
   7.22481203       0.00000000    
   7.22058296       0.00000000    
   7.21635962       0.00000000    
   7.21214104       0.00000000    
   7.20792770       0.00000000    
   7.20371819       0.00000000    
   7.19951439       0.00000000    
   7.19531488       0.00000000    
   7.19112110       0.00000000    
   7.18693209       0.00000000    
   7.18274784       0.00000000    
   7.17856789       0.00000000    
   7.17439318       0.00000000    
   7.17022371       0.00000000    
   7.16605854       0.00000000    
   7.16189909       0.00000000    
   7.15774298       0.00000000    
   7.15359306       0.00000000    
   7.14944696       0.00000000    
   7.14530611       0.00000000    
   7.14117050       0.00000000    
   7.13703918       0.00000000    
   7.13291264       0.00000000    
   7.12879038       0.00000000    
   7.12467384       0.00000000    
   7.12056160       0.00000000    
   7.11645460       0.00000000    
   7.11235142       0.00000000    
   7.10825300       0.00000000    
   7.10415983       0.00000000    
   7.10007143       0.00000000    
   7.09598780       0.00000000    
   7.09190893       0.00000000    
   7.08783388       0.00000000    
   7.08376360       0.00000000    
   7.07969904       0.00000000    
   7.07563877       0.00000000    
   7.07158279       0.00000000    
   7.06753159       0.00000000    
   7.06348467       0.00000000    
   7.05944300       0.00000000    
   7.05540562       0.00000000    
   7.05137348       0.00000000    
   7.04734468       0.00000000    
   7.04332161       0.00000000    
   7.03930235       0.00000000    
   7.03528833       0.00000000    
   7.03127861       0.00000000    
   7.02727413       0.00000000    
   7.02327299       0.00000000    
   7.01927662       0.00000000    
   7.01528502       0.00000000    
   7.01129866       0.00000000    
   7.00731611       0.00000000    
   7.00333786       0.00000000    
   6.99936485       0.00000000    
   6.99539566       0.00000000    
   6.99143124       0.00000000    
   6.98747158       0.00000000    
   6.98351622       0.00000000    
   6.97956514       0.00000000    
   6.97561884       0.00000000    
   6.97167683       0.00000000    
   6.96773958       0.00000000    
   6.96380568       0.00000000    
   6.95987749       0.00000000    
   6.95595360       0.00000000    
   6.95203304       0.00000000    
   6.94811821       0.00000000    
   6.94420719       0.00000000    
   6.94030046       0.00000000    
   6.93639851       0.00000000    
   6.93250084       0.00000000    
   6.92860699       0.00000000    
   6.92471790       0.00000000    
   6.92083311       0.00000000    
   6.91695309       0.00000000    
   6.91307688       0.00000000    
   6.90920496       0.00000000    
   6.90533781       0.00000000    
   6.90147495       0.00000000    
   6.89761591       0.00000000    
   6.89376211       0.00000000    
   6.88991165       0.00000000    
   6.88606596       0.00000000    
   6.88222456       0.00000000    
   6.87838745       0.00000000    
   6.87455463       0.00000000    
   6.87072611       0.00000000    
   6.86690140       0.00000000    
   6.86308146       0.00000000    
   6.85926580       0.00000000    
   6.85545397       0.00000000    
   6.85164642       0.00000000    
   6.84784317       0.00000000    
   6.84404421       0.00000000    
   6.84025002       0.00000000    
   6.83645916       0.00000000    
   6.83267260       0.00000000    
   6.82889080       0.00000000    
   6.82511234       0.00000000    
   6.82133913       0.00000000    
   6.81756973       0.00000000    
   6.81380367       0.00000000    
   6.81004286       0.00000000    
   6.80628538       0.00000000    
   6.80253267       0.00000000    
   6.79878378       0.00000000    
   6.79503870       0.00000000    
   6.79129839       0.00000000    
   6.78756189       0.00000000    
   6.78382921       0.00000000    
   6.78010130       0.00000000    
   6.77637672       0.00000000    
   6.77265692       0.00000000    
   6.76894093       0.00000000    
   6.76522875       0.00000000    
   6.76152086       0.00000000    
   6.75781727       0.00000000    
   6.75411749       0.00000000    
   6.75042200       0.00000000    
   6.74673033       0.00000000    
   6.74304247       0.00000000    
   6.73935890       0.00000000    
   6.73567915       0.00000000    
   6.73200369       0.00000000    
   6.72833252       0.00000000    
   6.72466469       0.00000000    
   6.72100115       0.00000000    
   6.71734190       0.00000000    
   6.71368599       0.00000000    
   6.71003437       0.00000000    
   6.70638657       0.00000000    
   6.70274305       0.00000000    
   6.69910383       0.00000000    
   6.69546747       0.00000000    
   6.69183588       0.00000000    
   6.68820810       0.00000000    
   6.68458414       0.00000000    
   6.68096399       0.00000000    
   6.67734814       0.00000000    
   6.67373562       0.00000000    
   6.67012787       0.00000000    
   6.66652298       0.00000000    
   6.66292286       0.00000000    
   6.65932608       0.00000000    
   6.65573311       0.00000000    
   6.65214443       0.00000000    
   6.64855957       0.00000000    
   6.64497852       0.00000000    
   6.64140129       0.00000000    
   6.63782740       0.00000000    
   6.63425827       0.00000000    
   6.63069248       0.00000000    
   6.62713051       0.00000000    
   6.62357235       0.00000000    
   6.62001848       0.00000000    
   6.61646748       0.00000000    
   6.61292124       0.00000000    
   6.60937881       0.00000000    
   6.60583925       0.00000000    
   6.60230398       0.00000000    
   6.59877253       0.00000000    
   6.59524488       0.00000000    
   6.59172106       0.00000000    
   6.58820057       0.00000000    
   6.58468437       0.00000000    
   6.58117199       0.00000000    
   6.57766247       0.00000000    
   6.57415771       0.00000000    
   6.57065582       0.00000000    
   6.56715822       0.00000000    
   6.56366444       0.00000000    
   6.56017399       0.00000000    
   6.55668783       0.00000000    
   6.55320501       0.00000000    
   6.54972553       0.00000000    
   6.54625034       0.00000000    
   6.54277849       0.00000000    
   6.53931046       0.00000000    
   6.53584623       0.00000000    
   6.53238487       0.00000000    
   6.52892828       0.00000000    
   6.52547503       0.00000000    
   6.52202463       0.00000000    
   6.51857901       0.00000000    
   6.51513624       0.00000000    
   6.51169729       0.00000000    
   6.50826216       0.00000000    
   6.50483036       0.00000000    
   6.50140238       0.00000000    
   6.49797821       0.00000000    
   6.49455738       0.00000000    
   6.49114037       0.00000000    
   6.48772669       0.00000000    
   6.48431635       0.00000000    
   6.48091030       0.00000000    
   6.47750759       0.00000000    
   6.47410822       0.00000000    
   6.47071266       0.00000000    
   6.46731997       0.00000000    
   6.46393156       0.00000000    
   6.46054697       0.00000000    
   6.45716524       0.00000000    
   6.45378733       0.00000000    
   6.45041323       0.00000000    
   6.44704199       0.00000000    
   6.44367456       0.00000000    
   6.44031048       0.00000000    
   6.43695021       0.00000000    
   6.43359375       0.00000000    
   6.43024015       0.00000000    
   6.42689037       0.00000000    
   6.42354393       0.00000000    
   6.42020082       0.00000000    
   6.41686153       0.00000000    
   6.41352606       0.00000000    
   6.41019344       0.00000000    
   6.40686464       0.00000000    
   6.40353870       0.00000000    
   6.40021658       0.00000000    
   6.39689827       0.00000000    
   6.39358282       0.00000000    
   6.39027119       0.00000000    
   6.38696289       0.00000000    
   6.38365746       0.00000000    
   6.38035631       0.00000000    
   6.37705851       0.00000000    
   6.37376356       0.00000000    
   6.37047243       0.00000000    
   6.36718416       0.00000000    
   6.36389971       0.00000000    
   6.36061907       0.00000000    
   6.35734081       0.00000000    
   6.35406685       0.00000000    
   6.35079575       0.00000000    
   6.34752798       0.00000000    
   6.34426403       0.00000000    
   6.34100294       0.00000000    
   6.33774519       0.00000000    
   6.33449125       0.00000000    
   6.33124018       0.00000000    
   6.32799292       0.00000000    
   6.32474899       0.00000000    
   6.32150793       0.00000000    
   6.31827021       0.00000000    
   6.31503630       0.00000000    
   6.31180525       0.00000000    
   6.30857754       0.00000000    
   6.30535316       0.00000000    
   6.30213213       0.00000000    
   6.29891443       0.00000000    
   6.29570007       0.00000000    
   6.29248905       0.00000000    
   6.28928137       0.00000000    
   6.28607607       0.00000000    
   6.28287506       0.00000000    
   6.27967644       0.00000000    
   6.27648211       0.00000000    
   6.27329063       0.00000000    
   6.27010202       0.00000000    
   6.26691675       0.00000000    
   6.26373529       0.00000000    
   6.26055622       0.00000000    
   6.25738096       0.00000000    
   6.25420904       0.00000000    
   6.25103951       0.00000000    
   6.24787426       0.00000000    
   6.24471140       0.00000000    
   6.24155188       0.00000000    
   6.23839617       0.00000000    
   6.23524284       0.00000000    
   6.23209286       0.00000000    
   6.22894669       0.00000000    
   6.22580290       0.00000000    
   6.22266293       0.00000000    
   6.21952534       0.00000000    
   6.21639156       0.00000000    
   6.21326113       0.00000000    
   6.21013308       0.00000000    
   6.20700884       0.00000000    
   6.20388746       0.00000000    
   6.20076895       0.00000000    
   6.19765425       0.00000000    
   6.19454241       0.00000000    
   6.19143295       0.00000000    
   6.18832779       0.00000000    
   6.18522453       0.00000000    
   6.18212557       0.00000000    
   6.17902899       0.00000000    
   6.17593575       0.00000000    
   6.17284536       0.00000000    
   6.16975880       0.00000000    
   6.16667414       0.00000000    
   6.16359377       0.00000000    
   6.16051531       0.00000000    
   6.15744066       0.00000000    
   6.15436935       0.00000000    
   6.15130043       0.00000000    
   6.14823484       0.00000000    
   6.14517260       0.00000000    
   6.14211273       0.00000000    
   6.13905668       0.00000000    
   6.13600302       0.00000000    
   6.13295269       0.00000000    
   6.12990522       0.00000000    
   6.12686062       0.00000000    
   6.12381983       0.00000000    
   6.12078142       0.00000000    
   6.11774588       0.00000000    
   6.11471415       0.00000000    
   6.11168480       0.00000000    
   6.10865831       0.00000000    
   6.10563517       0.00000000    
   6.10261488       0.00000000    
   6.09959745       0.00000000    
   6.09658337       0.00000000    
   6.09357214       0.00000000    
   6.09056377       0.00000000    
   6.08755875       0.00000000    
   6.08455610       0.00000000    
   6.08155680       0.00000000    
   6.07856035       0.00000000    
   6.07556629       0.00000000    
   6.07257605       0.00000000    
   6.06958818       0.00000000    
   6.06660366       0.00000000    
   6.06362200       0.00000000    
   6.06064272       0.00000000    
   6.05766726       0.00000000    
   6.05469418       0.00000000    
   6.05172396       0.00000000    
   6.04875708       0.00000000    
   6.04579210       0.00000000    
   6.04283094       0.00000000    
   6.03987265       0.00000000    
   6.03691721       0.00000000    
   6.03396463       0.00000000    
   6.03101492       0.00000000    
   6.02806759       0.00000000    
   6.02512407       0.00000000    
   6.02218294       0.00000000    
   6.01924419       0.00000000    
   6.01630926       0.00000000    
   6.01337624       0.00000000    
   6.01044655       0.00000000    
   6.00752020       0.00000000    
   6.00459576       0.00000000    
   6.00167465       0.00000000    
   5.99875641       0.00000000    
   5.99584103       0.00000000    
   5.99292850       0.00000000    
   5.99001884       0.00000000    
   5.98711157       0.00000000    
   5.98420763       0.00000000    
   5.98130608       0.00000000    
   5.97840738       0.00000000    
   5.97551203       0.00000000    
   5.97261858       0.00000000    
   5.96972895       0.00000000    
   5.96684170       0.00000000    
   5.96395683       0.00000000    
   5.96107531       0.00000000    
   5.95819616       0.00000000    
   5.95531988       0.00000000    
   5.95244646       0.00000000    
   5.94957590       0.00000000    
   5.94670820       0.00000000    
   5.94384289       0.00000000    
   5.94098043       0.00000000    
   5.93812084       0.00000000    
   5.93526459       0.00000000    
   5.93241024       0.00000000    
   5.92955875       0.00000000    
   5.92671013       0.00000000    
   5.92386436       0.00000000    
   5.92102146       0.00000000    
   5.91818047       0.00000000    
   5.91534281       0.00000000    
   5.91250801       0.00000000    
   5.90967560       0.00000000    
   5.90684652       0.00000000    
   5.90401936       0.00000000    
   5.90119505       0.00000000    
   5.89837408       0.00000000    
   5.89555502       0.00000000    
   5.89273930       0.00000000    
   5.88992596       0.00000000    
   5.88711500       0.00000000    
   5.88430691       0.00000000    
   5.88150215       0.00000000    
   5.87869883       0.00000000    
   5.87589931       0.00000000    
   5.87310171       0.00000000    
   5.87030697       0.00000000    
   5.86751556       0.00000000    
   5.86472559       0.00000000    
   5.86193943       0.00000000    
   5.85915518       0.00000000    
   5.85637379       0.00000000    
   5.85359526       0.00000000    
   5.85081863       0.00000000    
   5.84804535       0.00000000    
   5.84527493       0.00000000    
   5.84250641       0.00000000    
   5.83974075       0.00000000    
   5.83697796       0.00000000    
   5.83421755       0.00000000    
   5.83145952       0.00000000    
   5.82870483       0.00000000    
   5.82595205       0.00000000    
   5.82320213       0.00000000    
   5.82045460       0.00000000    
   5.81770992       0.00000000    
   5.81496763       0.00000000    
   5.81222820       0.00000000    
   5.80949116       0.00000000    
   5.80675697       0.00000000    
   5.80402470       0.00000000    
   5.80129576       0.00000000    
   5.79856873       0.00000000    
   5.79584455       0.00000000    
   5.79312325       0.00000000    
   5.79040384       0.00000000    
   5.78768730       0.00000000    
   5.78497362       0.00000000    
   5.78226185       0.00000000    
   5.77955341       0.00000000    
   5.77684689       0.00000000    
   5.77414274       0.00000000    
   5.77144194       0.00000000    
   5.76874304       0.00000000    
   5.76604652       0.00000000    
   5.76335335       0.00000000    
   5.76066160       0.00000000    
   5.75797319       0.00000000    
   5.75528717       0.00000000    
   5.75260305       0.00000000    
   5.74992228       0.00000000    
   5.74724340       0.00000000    
   5.74456739       0.00000000    
   5.74189377       0.00000000    
   5.73922253       0.00000000    
   5.73655367       0.00000000    
   5.73388767       0.00000000    
   5.73122358       0.00000000    
   5.72856236       0.00000000    
   5.72590399       0.00000000    
   5.72324753       0.00000000    
   5.72059345       0.00000000    
   5.71794176       0.00000000    
   5.71529293       0.00000000    
   5.71264696       0.00000000    
   5.71000242       0.00000000    
   5.70736122       0.00000000    
   5.70472193       0.00000000    
   5.70208502       0.00000000    
   5.69945097       0.00000000    
   5.69681883       0.00000000    
   5.69418955       0.00000000    
   5.69156265       0.00000000    
   5.68893766       0.00000000    
   5.68631554       0.00000000    
   5.68369627       0.00000000    
   5.68107843       0.00000000    
   5.67846394       0.00000000    
   5.67585135       0.00000000    
   5.67324114       0.00000000    
   5.67063332       0.00000000    
   5.66802788       0.00000000    
   5.66542530       0.00000000    
   5.66282463       0.00000000    
   5.66022635       0.00000000    
   5.65763092       0.00000000    
   5.65503740       0.00000000    
   5.65244627       0.00000000    
   5.64985800       0.00000000    
   5.64727163       0.00000000    
   5.64468765       0.00000000    
   5.64210606       0.00000000    
   5.63952684       0.00000000    
   5.63695002       0.00000000    
   5.63437557       0.00000000    
   5.63180351       0.00000000    
   5.62923384       0.00000000    
   5.62666655       0.00000000    
   5.62410116       0.00000000    
   5.62153864       0.00000000    
   5.61897802       0.00000000    
   5.61641979       0.00000000    
   5.61386442       0.00000000    
   5.61131048       0.00000000    
   5.60875988       0.00000000    
   5.60621119       0.00000000    
   5.60366440       0.00000000    
   5.60112047       0.00000000    
   5.59857845       0.00000000    
   5.59603882       0.00000000    
   5.59350157       0.00000000    
   5.59096670       0.00000000    
   5.58843422       0.00000000    
   5.58590364       0.00000000    
   5.58337545       0.00000000    
   5.58084965       0.00000000    
   5.57832670       0.00000000    
   5.57580519       0.00000000    
   5.57328653       0.00000000    
   5.57076931       0.00000000    
   5.56825495       0.00000000    
   5.56574297       0.00000000    
   5.56323290       0.00000000    
   5.56072569       0.00000000    
   5.55822039       0.00000000    
   5.55571699       0.00000000    
   5.55321646       0.00000000    
   5.55071783       0.00000000    
   5.54822159       0.00000000    
   5.54572773       0.00000000    
   5.54323530       0.00000000    
   5.54074621       0.00000000    
   5.53825903       0.00000000    
   5.53577328       0.00000000    
   5.53329086       0.00000000    
   5.53081036       0.00000000    
   5.52833128       0.00000000    
   5.52585554       0.00000000    
   5.52338123       0.00000000    
   5.52090931       0.00000000    
   5.51844025       0.00000000    
   5.51597261       0.00000000    
   5.51350737       0.00000000    
   5.51104450       0.00000000    
   5.50858355       0.00000000    
   5.50612497       0.00000000    
   5.50366879       0.00000000    
   5.50121450       0.00000000    
   5.49876261       0.00000000    
   5.49631262       0.00000000    
   5.49386501       0.00000000    
   5.49141979       0.00000000    
   5.48897600       0.00000000    
   5.48653507       0.00000000    
   5.48409653       0.00000000    
   5.48165941       0.00000000    
   5.47922516       0.00000000    
   5.47679234       0.00000000    
   5.47436237       0.00000000    
   5.47193432       0.00000000    
   5.46950817       0.00000000    
   5.46708441       0.00000000    
   5.46466255       0.00000000    
   5.46224308       0.00000000    
   5.45982552       0.00000000    
   5.45741081       0.00000000    
   5.45499706       0.00000000    
   5.45258617       0.00000000    
   5.45017719       0.00000000    
   5.44777060       0.00000000    
   5.44536638       0.00000000    
   5.44296360       0.00000000    
   5.44056320       0.00000000    
   5.43816519       0.00000000    
   5.43576908       0.00000000    
   5.43337488       0.00000000    
   5.43098307       0.00000000    
   5.42859316       0.00000000    
   5.42620564       0.00000000    
   5.42381954       0.00000000    
   5.42143631       0.00000000    
   5.41905499       0.00000000    
   5.41667557       0.00000000    
   5.41429853       0.00000000    
   5.41192341       0.00000000    
   5.40955019       0.00000000    
   5.40717936       0.00000000    
   5.40480995       0.00000000    
   5.40244341       0.00000000    
   5.40007877       0.00000000    
   5.39771605       0.00000000    
   5.39535522       0.00000000    
   5.39299679       0.00000000    
   5.39064026       0.00000000    
   5.38828611       0.00000000    
   5.38593340       0.00000000    
   5.38358307       0.00000000    
   5.38123512       0.00000000    
   5.37888861       0.00000000    
   5.37654448       0.00000000    
   5.37420225       0.00000000    
   5.37186193       0.00000000    
   5.36952400       0.00000000    
   5.36718845       0.00000000    
   5.36485386       0.00000000    
   5.36252213       0.00000000    
   5.36019182       0.00000000    
   5.35786438       0.00000000    
   5.35553837       0.00000000    
   5.35321426       0.00000000    
   5.35089254       0.00000000    
   5.34857273       0.00000000    
   5.34625483       0.00000000    
   5.34393930       0.00000000    
   5.34162521       0.00000000    
   5.33931351       0.00000000    
   5.33700371       0.00000000    
   5.33469582       0.00000000    
   5.33238983       0.00000000    
   5.33008623       0.00000000    
   5.32778406       0.00000000    
   5.32548428       0.00000000    
   5.32318640       0.00000000    
   5.32089043       0.00000000    
   5.31859684       0.00000000    
   5.31630468       0.00000000    
   5.31401491       0.00000000    
   5.31172705       0.00000000    
   5.30944061       0.00000000    
   5.30715656       0.00000000    
   5.30487490       0.00000000    
   5.30259418       0.00000000    
   5.30031633       0.00000000    
   5.29804039       0.00000000    
   5.29576588       0.00000000    
   5.29349375       0.00000000    
   5.29122305       0.00000000    
   5.28895473       0.00000000    
   5.28668833       0.00000000    
   5.28442335       0.00000000    
   5.28216124       0.00000000    
   5.27990055       0.00000000    
   5.27764177       0.00000000    
   5.27538490       0.00000000    
   5.27312994       0.00000000    
   5.27087688       0.00000000    
   5.26862621       0.00000000    
   5.26637697       0.00000000    
   5.26412964       0.00000000    
   5.26188469       0.00000000    
   5.25964117       0.00000000    
   5.25740004       0.00000000    
   5.25516033       0.00000000    
   5.25292253       0.00000000    
   5.25068712       0.00000000    
   5.24845314       0.00000000    
   5.24622107       0.00000000    
   5.24399137       0.00000000    
   5.24176311       0.00000000    
   5.23953724       0.00000000    
   5.23731279       0.00000000    
   5.23509026       0.00000000    
   5.23286963       0.00000000    
   5.23065090       0.00000000    
   5.22843409       0.00000000    
   5.22621918       0.00000000    
   5.22400618       0.00000000    
   5.22179508       0.00000000    
   5.21958590       0.00000000    
   5.21737814       0.00000000    
   5.21517277       0.00000000    
   5.21296930       0.00000000    
   5.21076727       0.00000000    
   5.20856762       0.00000000    
   5.20636892       0.00000000    
   5.20417309       0.00000000    
   5.20197868       0.00000000    
   5.19978571       0.00000000    
   5.19759512       0.00000000    
   5.19540644       0.00000000    
   5.19321918       0.00000000    
   5.19103432       0.00000000    
   5.18885088       0.00000000    
   5.18666935       0.00000000    
   5.18448973       0.00000000    
   5.18231153       0.00000000    
   5.18013573       0.00000000    
   5.17796183       0.00000000    
   5.17578936       0.00000000    
   5.17361879       0.00000000    
   5.17145014       0.00000000    
   5.16928291       0.00000000    
   5.16711807       0.00000000    
   5.16495466       0.00000000    
   5.16279316       0.00000000    
   5.16063356       0.00000000    
   5.15847588       0.00000000    
   5.15631962       0.00000000    
   5.15416574       0.00000000    
   5.15201283       0.00000000    
   5.14986229       0.00000000    
   5.14771318       0.00000000    
   5.14556646       0.00000000    
   5.14342117       0.00000000    
   5.14127779       0.00000000    
   5.13913584       0.00000000    
   5.13699627       0.00000000    
   5.13485813       0.00000000    
   5.13272190       0.00000000    
   5.13058710       0.00000000    
   5.12845421       0.00000000    
   5.12632322       0.00000000    
   5.12419367       0.00000000    
   5.12206650       0.00000000    
   5.11994076       0.00000000    
   5.11781693       0.00000000    
   5.11569452       0.00000000    
   5.11357450       0.00000000    
   5.11145544       0.00000000    
   5.10933876       0.00000000    
   5.10722303       0.00000000    
   5.10510969       0.00000000    
   5.10299826       0.00000000    
   5.10088825       0.00000000    
   5.09878016       0.00000000    
   5.09667397       0.00000000    
   5.09456873       0.00000000    
   5.09246588       0.00000000    
   5.09036493       0.00000000    
   5.08826542       0.00000000    
   5.08616781       0.00000000    
   5.08407116       0.00000000    
   5.08197737       0.00000000    
   5.07988453       0.00000000    
   5.07779360       0.00000000    
   5.07570457       0.00000000    
   5.07361746       0.00000000    
   5.07153130       0.00000000    
   5.06944752       0.00000000    
   5.06736517       0.00000000    
   5.06528473       0.00000000    
   5.06320572       0.00000000    
   5.06112862       0.00000000    
   5.05905294       0.00000000    
   5.05697966       0.00000000    
   5.05490732       0.00000000    
   5.05283689       0.00000000    
   5.05076838       0.00000000    
   5.04870129       0.00000000    
   5.04663610       0.00000000    
   5.04457235       0.00000000    
   5.04251051       0.00000000    
   5.04045057       0.00000000    
   5.03839159       0.00000000    
   5.03633499       0.00000000    
   5.03427982       0.00000000    
   5.03222609       0.00000000    
   5.03017473       0.00000000    
   5.02812433       0.00000000    
   5.02607584       0.00000000    
   5.02402925       0.00000000    
   5.02198362       0.00000000    
   5.01994038       0.00000000    
   5.01789856       0.00000000    
   5.01585817       0.00000000    
   5.01381969       0.00000000    
   5.01178312       0.00000000    
   5.00974798       0.00000000    
   5.00771427       0.00000000    
   5.00568247       0.00000000    
   5.00365210       0.00000000    
   5.00162363       0.00000000    
   4.99959660       0.00000000    
   4.99757147       0.00000000    
   4.99554777       0.00000000    
   4.99352551       0.00000000    
   4.99150515       0.00000000    
   4.98948669       0.00000000    
   4.98746920       0.00000000    
   4.98545408       0.00000000    
   4.98343992       0.00000000    
   4.98142767       0.00000000    
   4.97941732       0.00000000    
   4.97740793       0.00000000    
   4.97540092       0.00000000    
   4.97339535       0.00000000    
   4.97139072       0.00000000    
   4.96938848       0.00000000    
   4.96738720       0.00000000    
   4.96538830       0.00000000    
   4.96339035       0.00000000    
   4.96139431       0.00000000    
   4.95939970       0.00000000    
