0  eigenvalues      (j= 0.0)

                                0.000
                    1         11111   
                              (1s) 1s 
  1:11111        (1s) 1s  1   1.00000
0  eigenvalues      (j= 0.0)

                              614.588  754.212  800.940  847.404  889.841
                    1         11111    11111    11111    11111    11111   
                              (2p) 3p  (2p) 3p  (2p) 3p  (2p) 3p  (2p) 3p 
  1:11111        (2p) 3p  1   0.99977  0.02029 -0.00388  0.00566  0.00284
  2:11111        (2p) 3p  2   0.00414 -0.01834  0.99965  0.01746  0.00591
  3:11111        (2p) 3p  3  -0.02007  0.99937  0.01883 -0.02044 -0.00923
  4:11111        (2p) 3p  4  -0.00608  0.02043 -0.01693  0.99939 -0.02170
  5:11111        (2p) 3p  5  -0.00319  0.00972 -0.00609  0.02139  0.99970
  1:11111        (2p 0.5)  1  0.99977  0.02029 -0.00388  0.00566  0.00284
  2:11111        (2p 0.5)  2  0.00414 -0.01834  0.99965  0.01746  0.00591
  3:11111        (2p 1.5)  3  0.02007 -0.99937 -0.01883  0.02044  0.00923
  4:11111        (2p 1.5)  4  0.00608 -0.02043  0.01693 -0.99939  0.02170
  5:11111        (2p 1.5)  5  0.00319 -0.00972  0.00609 -0.02139 -0.99970
1  eigenvalues      (j= 1.0)

                              612.930  618.327  754.601  760.770  765.470  798.434  801.691  847.668  850.635  854.333  890.009  891.752  895.038
                    1         11111    11111    11111    11111    11111    11111    11111    11111    11111    11111    11111    11111    11111   
                              (2p) 3p  (2p) 1p  (2p) 3p  (2p) 3d  (2p) 1p  (2p) 3p  (2p) 1p  (2p) 3p  (2p) 3d  (2p) 1p  (2p) 3p  (2p) 3d  (2p) 1p 
  1:11111        (2p) 3p  1   0.94980 -0.31212  0.01987  0.00220  0.00167 -0.00302  0.00242  0.00545  0.00102  0.00095  0.00267  0.00060  0.00069
  1:11111        (2p) 1p  2   0.31209  0.94966 -0.00160 -0.00748  0.02011  0.00823  0.00938 -0.00077 -0.00442  0.00796 -0.00053 -0.00368  0.00474
  2:11111        (2p) 3p  3   0.00389 -0.00143 -0.01873 -0.00205 -0.00385  0.76104 -0.64816  0.01648  0.00317  0.00217  0.00551  0.00129  0.00130
  2:11111        (2p) 1p  4  -0.00364 -0.01153  0.00069  0.00877 -0.02819  0.64785  0.76075 -0.00236 -0.01062  0.01794 -0.00095 -0.00603  0.00756
  3:11111        (2p) 3d  5   0.00019  0.00016 -0.13683  0.93554  0.32543  0.00116  0.00040 -0.00299  0.00881  0.00528 -0.00168  0.00351  0.00287
  3:11111        (2p) 3p  6  -0.01873  0.00654  0.98827  0.10977  0.09990  0.01567 -0.01184 -0.01991 -0.00366 -0.00304 -0.00877 -0.00198 -0.00214
  3:11111        (2p) 1p  7  -0.00670 -0.02147 -0.05773 -0.33473  0.93779  0.01943  0.01987 -0.00464 -0.02639  0.04679 -0.00279 -0.01936  0.02476
  4:11111        (2p) 3d  8   0.00004  0.00004  0.00112 -0.01031 -0.00285  0.00058  0.00028 -0.24101  0.86208  0.44551 -0.00467  0.00739  0.00753
  4:11111        (2p) 3p  9  -0.00571  0.00195  0.02014  0.00235  0.00288 -0.01181  0.01135  0.96702  0.17778  0.17909 -0.02093 -0.00499 -0.00396
  4:11111        (2p) 1p 10  -0.00244 -0.00764  0.00272  0.01794 -0.05246 -0.01452 -0.01821 -0.07497 -0.47242  0.87345 -0.00679 -0.04279  0.05222
  5:11111        (2p) 3d 11   0.00002  0.00002  0.00053 -0.00450 -0.00131  0.00012  0.00006  0.00198 -0.01089 -0.00343 -0.31889  0.77052  0.55177
  5:11111        (2p) 3p 12  -0.00300  0.00102  0.00959  0.00110  0.00125 -0.00440  0.00403  0.02042  0.00370  0.00603  0.94392  0.20782  0.25536
  5:11111        (2p) 1p 13  -0.00143 -0.00443  0.00144  0.00904 -0.02607 -0.00582 -0.00700  0.00421  0.03115 -0.06223 -0.08175 -0.60063  0.79173
  1:11111        (2p 1.5)  1  0.80319  0.59520  0.01017 -0.00484  0.01738  0.00498  0.00905  0.00252 -0.00302  0.00704  0.00111 -0.00265  0.00427
  1:11111        (2p 0.5)  2  0.59532 -0.80313  0.01715  0.00611 -0.01025 -0.00722 -0.00344  0.00489  0.00338 -0.00382  0.00249  0.00261 -0.00217
  2:11111        (2p 1.5)  3 -0.00073 -0.01024 -0.01025  0.00597 -0.02524  0.96836  0.24693  0.00759 -0.00684  0.01590  0.00241 -0.00418  0.00692
  2:11111        (2p 0.5)  4  0.00528  0.00549 -0.01569 -0.00674  0.01313  0.24735 -0.96844  0.01482  0.00872 -0.00859  0.00505  0.00453 -0.00331
  3:11111        (2p 1.5)  5  0.00501 -0.02026 -0.54275 -0.61524  0.56878  0.00610  0.02175  0.00825 -0.02122  0.03624  0.00317 -0.01502  0.01944
  3:11111        (2p 1.5)  6 -0.01553 -0.00087  0.79337 -0.59795  0.10927  0.01573 -0.00377 -0.01385 -0.01506  0.00652 -0.00606 -0.00867  0.00301
  3:11111        (2p 0.5)  7 -0.01138 -0.00961  0.27337  0.51308  0.81233  0.01843  0.00692 -0.01292 -0.01050  0.02951 -0.00637 -0.00950  0.01545
  4:11111        (2p 1.5)  8  0.00122 -0.00700 -0.00928  0.01587 -0.04131 -0.00497 -0.02041 -0.51151 -0.73592  0.43759  0.00768 -0.03275  0.04024
  4:11111        (2p 1.5)  9 -0.00482 -0.00057  0.01470  0.01287 -0.00964 -0.01274  0.00341  0.83928 -0.53737  0.07454 -0.01408 -0.01936  0.00583
  4:11111        (2p 0.5) 10 -0.00372 -0.00359  0.01059  0.00403 -0.03113 -0.01279 -0.00568  0.18108  0.40941  0.89242 -0.01576 -0.02151  0.03386
  5:11111        (2p 1.5) 11  0.00053 -0.00400 -0.00431  0.00783 -0.02046 -0.00214 -0.00765 -0.00855  0.02555 -0.05042 -0.47949 -0.82274  0.29891
  5:11111        (2p 1.5) 12 -0.00257 -0.00041  0.00704  0.00598 -0.00499 -0.00480  0.00110  0.01475  0.01763 -0.00949  0.86992 -0.49063  0.04194
  5:11111        (2p 0.5) 13 -0.00203 -0.00213  0.00512  0.00249 -0.01547 -0.00507 -0.00236  0.01217  0.01180 -0.03589  0.11267  0.28291  0.95152
1  eigenvalues      (j= 2.0)

                              611.192  755.421  757.874  761.069  761.671  797.528  848.159  849.069  851.962  852.162  890.281  890.688  893.784  893.851
                    1         11111    11111    11111    11111    11111    11111    11111    11111    11111    11111    11111    11111    11111    11111   
                              (2p) 3p  (2p) 3p  (2p) 3f  (2p) 1d  (2p) 3d  (2p) 3p  (2p) 3p  (2p) 3f  (2p) 3f  (2p) 3d  (2p) 3p  (2p) 1d  (2p) 3f  (2p) 3d 
  1:11111        (2p) 3p  1   0.99978  0.01884 -0.00003  0.00000  0.00538 -0.00383  0.00485 -0.00001 -0.00001  0.00269  0.00224  0.00001 -0.00001  0.00166
  2:11111        (2p) 3p  2   0.00414 -0.01952  0.00003  0.00000 -0.00684  0.99964  0.01396 -0.00003 -0.00003  0.00729  0.00454  0.00001 -0.00003  0.00327
  3:11111        (2p) 3f  3   0.00000  0.00075  0.85385  0.52041  0.00137  0.00000 -0.00001 -0.00639 -0.00723 -0.00004 -0.00001  0.00257 -0.00374 -0.00003
  3:11111        (2p) 3d  4   0.00017 -0.22152 -0.32947  0.53893  0.74283  0.00078 -0.00449 -0.00533  0.00412  0.00702 -0.00237  0.00258  0.00160  0.00293
  3:11111        (2p) 3p  5  -0.01936  0.95788 -0.00140  0.00017  0.28486  0.02111 -0.01812  0.00004  0.00004 -0.00956 -0.00750 -0.00002  0.00005 -0.00539
  3:11111        (2p) 1d  6  -0.00014  0.17943 -0.40283  0.66226 -0.60564 -0.00064  0.00364 -0.00654  0.00512 -0.00569  0.00192  0.00318  0.00201 -0.00236
  4:11111        (2p) 3f  7   0.00000  0.00001  0.00803  0.00527  0.00001  0.00000  0.00126  0.63795  0.76994  0.00399 -0.00002  0.00640 -0.00833 -0.00007
  4:11111        (2p) 3d  8   0.00003  0.00197  0.00337 -0.00590 -0.00812  0.00036 -0.38039 -0.48629  0.40003  0.67716 -0.00624  0.00631  0.00355  0.00655
  4:11111        (2p) 3p  9  -0.00594  0.01946 -0.00003  0.00000  0.00644 -0.01517  0.87141 -0.00205 -0.00226  0.48935 -0.01828 -0.00005  0.00010 -0.01199
  4:11111        (2p) 1d 10  -0.00003 -0.00159  0.00412 -0.00725  0.00662 -0.00029  0.30824 -0.59693  0.49693 -0.54907  0.00506  0.00776  0.00446 -0.00528
  5:11111        (2p) 3f 11   0.00000  0.00000  0.00391  0.00250  0.00001  0.00000  0.00001  0.00609  0.00850  0.00004  0.00141 -0.54991  0.83512  0.00710
  5:11111        (2p) 3d 12   0.00001  0.00091  0.00150 -0.00257 -0.00354  0.00007  0.00354  0.00531 -0.00498 -0.00835 -0.46401  0.52700  0.34250  0.62410
  5:11111        (2p) 3p 13  -0.00312  0.00928 -0.00001  0.00000  0.00297 -0.00571  0.01807 -0.00004 -0.00005  0.01178  0.80177  0.00216 -0.00501  0.59710
  5:11111        (2p) 1d 14  -0.00001 -0.00074  0.00183 -0.00316  0.00289 -0.00006 -0.00286  0.00651 -0.00619  0.00677  0.37598  0.64785  0.43026 -0.50364
  1:11111        (2p 1.5)  1  0.99978  0.01884 -0.00003  0.00000  0.00538 -0.00383  0.00485 -0.00001 -0.00001  0.00269  0.00224  0.00001 -0.00001  0.00166
  2:11111        (2p 1.5)  2  0.00414 -0.01952  0.00003  0.00000 -0.00684  0.99964  0.01396 -0.00003 -0.00003  0.00729  0.00454  0.00001 -0.00003  0.00327
  3:11111        (2p 1.5)  3 -0.01269  0.80498 -0.34521  0.20409 -0.43654  0.01303 -0.00800 -0.00175  0.00374 -0.01203 -0.00289  0.00095  0.00166 -0.00592
  3:11111        (2p 1.5)  4  0.00554 -0.35278 -0.78927  0.46486  0.19047 -0.00568  0.00348 -0.00407  0.00841  0.00530  0.00125  0.00220  0.00367  0.00262
  3:11111        (2p 0.5)  5 -0.01326  0.46616  0.10027  0.17144  0.86169  0.01532 -0.01656 -0.00189 -0.00066 -0.00037 -0.00731  0.00082 -0.00041 -0.00113
  3:11111        (2p 0.5)  6  0.00271 -0.09502  0.49770  0.84423 -0.17433 -0.00313  0.00336 -0.00943 -0.00321  0.00006  0.00148  0.00412 -0.00204  0.00021
  4:11111        (2p 1.5)  7 -0.00388  0.01097  0.00034 -0.00430  0.01095 -0.01013  0.88116 -0.39378  0.08126 -0.24755 -0.00665  0.00230  0.00369 -0.01319
  4:11111        (2p 1.5)  8  0.00169 -0.00478  0.00084 -0.00982 -0.00480  0.00442 -0.38697 -0.89713  0.18236  0.10884  0.00288  0.00532  0.00816  0.00584
  4:11111        (2p 0.5)  9 -0.00409  0.01524  0.00190  0.00006 -0.00280 -0.01019  0.26458  0.03910  0.19131  0.94401 -0.01824  0.00202 -0.00091 -0.00249
  4:11111        (2p 0.5) 10  0.00083 -0.00310  0.00940  0.00024  0.00058  0.00208 -0.05375  0.19580  0.96089 -0.18767  0.00369  0.01015 -0.00457  0.00047
  5:11111        (2p 1.5) 11 -0.00204  0.00526  0.00009 -0.00191  0.00488 -0.00376  0.00876  0.00179 -0.00448  0.01458  0.90559  0.40068  0.03769 -0.13248
  5:11111        (2p 1.5) 12  0.00089 -0.00229  0.00023 -0.00437 -0.00214  0.00164 -0.00381  0.00417 -0.01006 -0.00642 -0.39811  0.91157  0.08315  0.05859
  5:11111        (2p 0.5) 13 -0.00215  0.00724  0.00090  0.00006 -0.00111 -0.00389  0.01567  0.00183  0.00075  0.00072  0.14176 -0.01782  0.19095  0.97098
  5:11111        (2p 0.5) 14  0.00044 -0.00147  0.00447  0.00028  0.00023  0.00079 -0.00318  0.00914  0.00368 -0.00013 -0.02874 -0.08954  0.97728 -0.18959
0  eigenvalues      (j= 3.0)

                              756.690  758.560  761.339  848.462  849.264  852.193  890.375  890.769  893.916
                    1         11111    11111    11111    11111    11111    11111    11111    11111    11111   
                              (2p) 3f  (2p) 1f  (2p) 3d  (2p) 3f  (2p) 3d  (2p) 3d  (2p) 3f  (2p) 3d  (2p) 3f 
  3:11111        (2p) 3f  1   0.86248 -0.31453  0.39635 -0.00787  0.00225 -0.00511 -0.00353  0.00092 -0.00270
  3:11111        (2p) 3d  2  -0.13498  0.61187  0.77927 -0.00215  0.00851  0.00611 -0.00106  0.00401  0.00248
  3:11111        (2p) 1f  3   0.48768  0.72569 -0.48532  0.00136  0.00111 -0.00120  0.00080  0.00063 -0.00071
  4:11111        (2p) 3f  4   0.00816 -0.00300  0.00408  0.80189 -0.22381  0.55378 -0.00840  0.00230 -0.00587
  4:11111        (2p) 3d  5   0.00129 -0.00643 -0.00851 -0.18730  0.78606  0.58889 -0.00274  0.00965  0.00560
  4:11111        (2p) 1f  6  -0.00088 -0.00164  0.00103  0.56723  0.57607 -0.58854  0.00199  0.00114 -0.00142
  5:11111        (2p) 3f  7   0.00396 -0.00145  0.00193  0.00801 -0.00213  0.00638  0.76776 -0.19525  0.61015
  5:11111        (2p) 3d  8   0.00058 -0.00284 -0.00371  0.00184 -0.00880 -0.00723 -0.20961  0.82335  0.52726
  5:11111        (2p) 1f  9  -0.00055 -0.00093  0.00060 -0.00116 -0.00175  0.00168  0.60540  0.53278 -0.59130
  3:11111        (2p 1.5)  1  0.00944  0.93760  0.34744  0.00006  0.00741  0.00529  0.00005  0.00357  0.00213
  3:11111        (2p 1.5)  2  0.97315  0.07128 -0.21870 -0.00433  0.00014 -0.00607 -0.00180  0.00003 -0.00306
  3:11111        (2p 0.5)  3  0.22979 -0.34023  0.91179 -0.00705  0.00487  0.00017 -0.00332  0.00214 -0.00022
  4:11111        (2p 1.5)  4 -0.00058 -0.00583 -0.00726  0.01543  0.99371  0.11012 -0.00003  0.00839  0.00486
  4:11111        (2p 1.5)  5  0.00507 -0.00156  0.00583  0.99273 -0.00206 -0.11985 -0.00417 -0.00009 -0.00663
  4:11111        (2p 0.5)  6  0.00656 -0.00408 -0.00189  0.11881 -0.11125  0.98659 -0.00804  0.00542 -0.00045
  5:11111        (2p 1.5)  7 -0.00038 -0.00266 -0.00311 -0.00024 -0.00801 -0.00618  0.02141  0.99854  0.04833
  5:11111        (2p 1.5)  8  0.00239 -0.00092  0.00275  0.00464 -0.00039  0.00759  0.99770 -0.01822 -0.06452
  5:11111        (2p 0.5)  9  0.00323 -0.00177 -0.00081  0.00688 -0.00456 -0.00013  0.06350 -0.04964  0.99670
0  eigenvalues      (j= 4.0)

                              756.093  848.130  890.189
                    1         11111    11111    11111   
                              (2p) 3f  (2p) 3f  (2p) 3f 
  3:11111        (2p) 3f  1   0.99994 -0.00964 -0.00453
  4:11111        (2p) 3f  2   0.00959  0.99990 -0.01042
  5:11111        (2p) 3f  3   0.00463  0.01038  0.99994
  3:11111        (2p 1.5)  1  0.99994 -0.00964 -0.00453
  4:11111        (2p 1.5)  2  0.00959  0.99990 -0.01042
  5:11111        (2p 1.5)  3  0.00463  0.01038  0.99994
