0  eigenvalues      (j= 0.5)

                                2.283
                    1         11111   
                              (2p) 2p 
  1:11111        (2p) 2p  1   1.00000
0  eigenvalues      (j= 1.5)

                               -1.141
                    1         11111   
                              (2p) 2p 
  1:11111        (2p) 2p  1   1.00000
1  eigenvalues      (j= 0.5)

                              751.317  761.570  846.132  908.476  916.228  921.465  952.131  955.510 1001.345 1004.495 1056.332 1058.561 1062.044 1092.908 1097.648 1098.415 1122.951 1123.988 1126.398 1162.317 1162.912
                    1         11111    11111    11111    11111    11111    11111    11111    11111    11111    11111    11111    11111    11111    11111    11111    11111    11111    11111    11111    11111    11111   
                              (3p) 4p  (3p) 2p  (1s) 2s  (3p) 4d  (3p) 4p  (3p) 2p  (1d) 2s  (1d) 2p  (3p) 4p  (3p) 2p  (3p) 4d  (3p) 4p  (3p) 2p  (1s) 2s  (1d) 2p  (1d) 2s  (3p) 4d  (3p) 4p  (3p) 2p  (1d) 2s  (1d) 2p 
  1:11111        (3p) 4p  1   0.99798 -0.05054  0.03052  0.00184 -0.02139 -0.00052  0.00184 -0.00025 -0.00771  0.00127  0.00116 -0.00395 -0.00036 -0.00030 -0.00009  0.00011  0.00114 -0.00131 -0.00030  0.00011 -0.00002
  1:11111        (3p) 2p  2   0.05128  0.99773 -0.02425  0.00215  0.00131 -0.02662 -0.00056 -0.01312  0.00284  0.01607  0.00138  0.00143 -0.00907 -0.00009 -0.00521 -0.00109  0.00097  0.00223 -0.00542  0.00021 -0.00379
  1:11111        (1s) 2s  3  -0.02922  0.02576  0.99617 -0.00011  0.00387 -0.00261  0.07630  0.00576 -0.00022 -0.00017 -0.00010  0.00061 -0.00032 -0.00787 -0.00143  0.01179 -0.00015  0.00025 -0.00009  0.00665  0.00071
  2:11111        (3p) 4d  4  -0.00009 -0.00014  0.00000  0.99258  0.07976  0.08495  0.00124 -0.01301 -0.00009 -0.00005 -0.02795 -0.00747 -0.00554  0.00001  0.00048  0.00006 -0.00967 -0.00723 -0.00477 -0.00003  0.00026
  2:11111        (3p) 4p  5   0.02142 -0.00126 -0.00004 -0.08192  0.99484  0.02689 -0.04208  0.02063 -0.01330  0.00197 -0.00128  0.00363  0.00067 -0.00023  0.00021 -0.00027 -0.00085  0.00084  0.00032 -0.00006  0.00006
  2:11111        (3p) 2p  6   0.00143  0.03025 -0.00050 -0.07568 -0.03711  0.95894  0.01155  0.26173 -0.00411 -0.02198 -0.00548 -0.00615  0.03669  0.00009  0.03131  0.00498 -0.00365 -0.00865  0.02075 -0.00132  0.01802
  2:11111        (1d) 2p  7   0.00022  0.00639 -0.00028  0.03614 -0.01321 -0.26197 -0.07907  0.95939 -0.00278 -0.01324 -0.00751 -0.00704  0.04655 -0.00041  0.00977  0.00214 -0.00418 -0.00891  0.02183 -0.00015  0.00669
  2:11111        (1d) 2s  8   0.00133 -0.00127 -0.07668 -0.00095  0.04116 -0.03066  0.99278  0.07403 -0.00125  0.00097 -0.00005 -0.00002  0.00028  0.01510 -0.00157  0.01257 -0.00008  0.00006  0.00007  0.00243  0.00034
  3:11111        (3p) 4p  9   0.00800 -0.00046  0.00037 -0.00101  0.01332  0.00051  0.00021  0.00088  0.98484 -0.16878  0.00536 -0.01794 -0.00132  0.02593 -0.00274  0.01724  0.00336 -0.00387 -0.00084  0.00059 -0.00001
  3:11111        (3p) 2p 10  -0.00077 -0.01588  0.00061 -0.00126 -0.00082  0.01964 -0.00121  0.02134  0.16940  0.98418  0.00476  0.00486 -0.02855 -0.01899 -0.00681 -0.01393  0.00188  0.00413 -0.00996 -0.00007 -0.00465
  3:11111        (1s) 2s 11  -0.00009 -0.00008  0.00106  0.00002 -0.00087  0.00072 -0.01963 -0.00121 -0.02693  0.02788  0.00026 -0.00115  0.00024  0.82097 -0.08198  0.56286 -0.00092  0.00138 -0.00028  0.02401  0.00257
  4:11111        (3p) 4d 12  -0.00001 -0.00002  0.00000  0.02884  0.00246  0.00272  0.00002 -0.00015 -0.00029 -0.00040  0.94604  0.25698  0.19212 -0.00025 -0.01822 -0.00228 -0.02228 -0.01628 -0.01119 -0.00006  0.00051
  4:11111        (3p) 4p 13   0.00421 -0.00024  0.00009  0.00016 -0.00374  0.00012  0.00018  0.00019  0.01838 -0.00364 -0.27744  0.95520  0.09069  0.02332  0.02670 -0.02702 -0.00307  0.00217  0.00185 -0.00015  0.00023
  4:11111        (3p) 2p 14   0.00041  0.00820 -0.00021  0.00135  0.00186 -0.02800  0.00307 -0.05888  0.00526  0.03230 -0.15564 -0.13880  0.96449 -0.01603  0.12516  0.03968 -0.00865 -0.01969  0.04561 -0.00208  0.02885
  4:11111        (1d) 2p 15   0.00017  0.00362 -0.00012  0.00200  0.00110 -0.02599 -0.00007 -0.01308  0.00095  0.00655  0.04537  0.00154 -0.13151  0.01083  0.97677  0.12628 -0.01819 -0.03781  0.08755 -0.00020  0.01327
  4:11111        (1d) 2s 16   0.00032 -0.00030 -0.01409  0.00000 -0.00015  0.00024 -0.00291  0.00020  0.00096 -0.00119 -0.00607  0.04037 -0.02490 -0.56871 -0.10229  0.81461 -0.00035 -0.00058  0.00141  0.00258  0.00071
  5:11111        (3p) 4d 17   0.00000 -0.00001  0.00000  0.01375  0.00115  0.00125  0.00001 -0.00013 -0.00004 -0.00005  0.02766  0.00778  0.00639 -0.00001  0.00185  0.00032  0.74175  0.55690  0.37176  0.00214 -0.02018
  5:11111        (3p) 4p 18   0.00176 -0.00010  0.00004  0.00005 -0.00119  0.00004  0.00004  0.00005  0.00507 -0.00094  0.00076 -0.00403  0.00010 -0.00054  0.00130  0.00006 -0.64378  0.74472  0.17018 -0.03958  0.01908
  5:11111        (3p) 2p 19   0.00022  0.00441 -0.00012  0.00065  0.00088 -0.01291  0.00137 -0.02546  0.00167  0.00983  0.00479  0.00619 -0.04080  0.00042 -0.10386 -0.01627 -0.17837 -0.36160  0.90304  0.01884  0.08882
  5:11111        (1d) 2p 20   0.00012  0.00247 -0.00008  0.00102  0.00058 -0.01338  0.00002 -0.00704  0.00053  0.00324  0.00382  0.00353 -0.02385  0.00035 -0.00821 -0.00202  0.04611  0.02691 -0.07789 -0.10210  0.98982
  5:11111        (1d) 2s 21   0.00015 -0.00014 -0.00648  0.00000 -0.00010  0.00012 -0.00247 -0.00006  0.00031 -0.00036 -0.00003 -0.00015  0.00044 -0.01838  0.00394 -0.01562 -0.01914  0.03800 -0.01900  0.99348  0.10087
  1:11111        (3p 1.0)  1  0.61805  0.78546 -0.00218  0.00282 -0.01128 -0.02203  0.00060 -0.01086 -0.00214  0.01386  0.00179 -0.00111 -0.00761 -0.00025 -0.00431 -0.00083  0.00145  0.00106 -0.00459  0.00023 -0.00311
  1:11111        (3p 0.0)  2  0.78524 -0.61730  0.03892  0.00027 -0.01823  0.01494  0.00182  0.00737 -0.00794 -0.00824  0.00015 -0.00405  0.00494 -0.00019  0.00293  0.00072  0.00037 -0.00236  0.00289 -0.00003  0.00217
  1:11111        (1s 0.0)  3 -0.02922  0.02576  0.99617 -0.00011  0.00387 -0.00261  0.07630  0.00576 -0.00022 -0.00017 -0.00010  0.00061 -0.00032 -0.00787 -0.00143  0.01179 -0.00015  0.00025 -0.00009  0.00665  0.00071
  2:11111        (3p 2.0)  4  0.00547 -0.02750  0.00044  0.35567  0.37302 -0.82234 -0.02325 -0.23169 -0.00056  0.02027 -0.00434  0.00429 -0.03435 -0.00015 -0.02779 -0.00452 -0.00006  0.00572 -0.01997  0.00115 -0.01602
  2:11111        (1d 2.0)  5  0.00117  0.00306 -0.05957  0.02212  0.02353 -0.18944  0.71899  0.66411 -0.00273 -0.00762 -0.00479 -0.00446  0.02966  0.01143  0.00496  0.01109 -0.00271 -0.00559  0.01386  0.00179  0.00449
  2:11111        (3p 2.0)  6 -0.01966 -0.00444  0.00013  0.47228 -0.86137 -0.16648  0.03640 -0.07147  0.01274  0.00221 -0.00867 -0.00505 -0.00945  0.00019 -0.00572 -0.00064 -0.00231 -0.00198 -0.00592  0.00028 -0.00325
  2:11111        (1d 2.0)  7 -0.00067  0.00576  0.04828  0.02860 -0.03627 -0.18353 -0.68914  0.69632 -0.00136 -0.01087 -0.00579 -0.00544  0.03589 -0.00987  0.00856 -0.00629 -0.00319 -0.00694  0.01686 -0.00165  0.00497
  2:11111        (3p 1.0)  8 -0.00669 -0.01187  0.00021 -0.80505 -0.34111 -0.47282  0.00636 -0.10154  0.00559  0.00845  0.02682  0.00793 -0.01038  0.00002 -0.01326 -0.00201  0.01011  0.00955 -0.00443  0.00058 -0.00760
  3:11111        (3p 1.0)  9  0.00399 -0.01323  0.00071 -0.00161  0.00702  0.01633 -0.00087  0.01793  0.70691  0.70613  0.00698 -0.00639 -0.02407 -0.00053 -0.00714 -0.00142  0.00348  0.00114 -0.00862  0.00028 -0.00380
  3:11111        (3p 0.0) 10  0.00697  0.00879 -0.00005 -0.00010  0.01134 -0.01093  0.00086 -0.01160  0.70632 -0.70602  0.00163 -0.01745  0.01541  0.03213  0.00169  0.02212  0.00166 -0.00554  0.00506  0.00052  0.00267
  3:11111        (1s 0.0) 11 -0.00009 -0.00008  0.00106  0.00002 -0.00087  0.00072 -0.01963 -0.00121 -0.02693  0.02788  0.00026 -0.00115  0.00024  0.82097 -0.08198  0.56286 -0.00092  0.00138 -0.00028  0.02401  0.00257
  4:11111        (3p 2.0) 12  0.00096 -0.00742  0.00022  0.00796 -0.00207  0.02594 -0.00268  0.05267  0.00102 -0.03017  0.35064  0.50747 -0.77323  0.02164 -0.10926 -0.04476 -0.00028  0.01315 -0.04375  0.00179 -0.02557
  4:11111        (1d 2.0) 13  0.00035  0.00206 -0.01099  0.00126  0.00058 -0.01625 -0.00230 -0.00812  0.00135  0.00322  0.02399  0.03224 -0.10246 -0.43367  0.53852  0.71086 -0.01177 -0.02436  0.05646  0.00188  0.00894
  4:11111        (3p 2.0) 14 -0.00388 -0.00129 -0.00005  0.01078  0.00399  0.00606 -0.00072  0.01052 -0.01768 -0.00276  0.64553 -0.73835 -0.18364 -0.01825 -0.05403  0.01629 -0.00428 -0.00468 -0.01433  0.00049 -0.00528
  4:11111        (1d 2.0) 15 -0.00007  0.00299  0.00882  0.00155  0.00095 -0.02029  0.00179 -0.01026  0.00013  0.00583  0.03898 -0.02434 -0.08612  0.36808  0.82129 -0.41739 -0.01387 -0.02892  0.06692 -0.00179  0.00983
  4:11111        (3p 1.0) 16 -0.00137 -0.00327  0.00006 -0.02557 -0.00181  0.00904 -0.00133  0.02412 -0.00720 -0.01179 -0.67566 -0.44163 -0.58631  0.00003 -0.04303 -0.00643  0.02371  0.02151 -0.00947  0.00094 -0.01229
  5:11111        (3p 2.0) 17  0.00036 -0.00398  0.00012  0.00378 -0.00080  0.01196 -0.00120  0.02275  0.00010 -0.00911  0.00471 -0.00435  0.03854 -0.00055  0.09389  0.01467  0.19052  0.73503 -0.63632 -0.02869 -0.07980
  5:11111        (1d 2.0) 18  0.00020  0.00145 -0.00507  0.00064  0.00028 -0.00837 -0.00190 -0.00450  0.00058  0.00177  0.00239  0.00212 -0.01474 -0.01402 -0.00214 -0.01338  0.01434  0.04646 -0.06398  0.70497  0.70415
  5:11111        (3p 2.0) 19 -0.00164 -0.00072 -0.00001  0.00516  0.00136  0.00280 -0.00028  0.00455 -0.00490 -0.00096  0.00915  0.00552  0.00983  0.00041  0.01850  0.00304  0.90162 -0.39130 -0.17468  0.03316 -0.04127
  5:11111        (1d 2.0) 20  0.00000  0.00200  0.00404  0.00079  0.00051 -0.01044  0.00158 -0.00542  0.00022  0.00274  0.00298  0.00282 -0.01876  0.01190 -0.00885  0.00832  0.04782 -0.00319 -0.04831 -0.70742  0.70292
  5:11111        (3p 1.0) 21 -0.00060 -0.00177  0.00004 -0.01219 -0.00101  0.00417 -0.00058  0.01049 -0.00211 -0.00370 -0.02613 -0.00811  0.01109 -0.00001  0.04042  0.00635 -0.38371 -0.54965 -0.73974  0.00188 -0.02429
1  eigenvalues      (j= 1.5)

                              750.068  759.119  790.345  908.112  915.602  916.960  921.596  924.124  954.746  957.203  999.807 1002.322 1009.832 1038.230 1055.850 1059.233 1060.012 1062.483 1064.765 1097.333 1098.269 1122.533 1124.495 1125.902 1126.670 1128.742 1153.424 1162.714 1163.159 1218.859
                    1         11111    11111    11111    11111    11111    11111    11111    11111    11111    11111    11111    11111    11111    11111    11111    11111    11111    11111    11111    11111    11111    11111    11111    11111    11111    11111    11111    11111    11111    11111   
                              (3p) 4p  (3p) 2p  (1d) 2d  (3p) 4d  (3p) 4f  (3p) 4p  (3p) 2d  (3p) 2p  (1d) 2p  (1d) 2d  (3p) 4p  (3p) 2p  (1s) 2d  (1d) 2d  (3p) 4d  (3p) 4p  (3p) 4f  (3p) 2p  (3p) 2d  (1d) 2p  (1d) 2d  (3p) 4d  (3p) 4p  (3p) 4f  (3p) 2p  (3p) 2d  (1s) 2d  (1d) 2p  (1d) 2d  (1s) 2d 
  1:11111        (3p) 4p  1   0.99383 -0.10721 -0.01672  0.00286  0.00182 -0.02099  0.00146  0.00016 -0.00062  0.00008 -0.00711  0.00324 -0.00015  0.00013  0.00133 -0.00359 -0.00137 -0.00065 -0.00003 -0.00013  0.00003  0.00091 -0.00132 -0.00050 -0.00050 -0.00005 -0.00003 -0.00005  0.00002 -0.00001
  1:11111        (1d) 2d  2   0.02207  0.04887  0.99793 -0.00131 -0.00049  0.00000 -0.00194 -0.00058 -0.00005  0.02999 -0.00003 -0.00012  0.01515  0.00054 -0.00001  0.00078 -0.00057 -0.00276  0.00308  0.00016  0.00711  0.00011  0.00107 -0.00074 -0.00195  0.00229  0.00471  0.00022  0.00351  0.00220
  1:11111        (3p) 2p  3   0.10621  0.99239 -0.05093  0.00125 -0.00044  0.00188  0.01400 -0.02255 -0.01203  0.00011  0.00702  0.01476 -0.00043 -0.00062  0.00063  0.00169  0.00042 -0.00663 -0.00642 -0.00493  0.00015  0.00043  0.00206  0.00030 -0.00388 -0.00408 -0.00014 -0.00352  0.00023 -0.00008
  2:11111        (3p) 4f  4   0.00001  0.00001  0.00025 -0.09253  0.98817  0.07892  0.08264  0.03328 -0.00022 -0.00381 -0.00005 -0.00003  0.02639  0.00078  0.00136  0.00332 -0.00760  0.00053 -0.00007  0.00002 -0.00008  0.00080  0.00152 -0.00362  0.00112 -0.00049 -0.00006  0.00001  0.00002 -0.00005
  2:11111        (3p) 4d  5  -0.00015 -0.00006  0.00044  0.98452  0.08595  0.13040 -0.06354  0.02479 -0.00981  0.01902 -0.00016  0.00002  0.01378  0.00052 -0.02738 -0.00582 -0.00814 -0.00427 -0.00048  0.00037 -0.00059 -0.01076 -0.00417 -0.00506 -0.00305 -0.00078 -0.00029  0.00018 -0.00026 -0.00015
  2:11111        (3p) 4p  6   0.02107 -0.00255 -0.00049 -0.12723 -0.08453  0.98436 -0.07362 -0.00207  0.03805 -0.01053 -0.01272  0.00537  0.00735  0.00033 -0.00153  0.00324  0.00119  0.00096  0.00044  0.00026 -0.00017 -0.00072  0.00082  0.00032  0.00049  0.00016  0.00002  0.00010 -0.00006  0.00001
  2:11111        (3p) 2d  7  -0.00010 -0.00051 -0.00609  0.03565 -0.08811  0.06083  0.82654  0.49862  0.02610  0.21878  0.00004 -0.00027  0.05512  0.00493  0.00168  0.00803 -0.00492 -0.02898  0.03176  0.00126  0.02705  0.00133  0.00842 -0.00554 -0.01539  0.01816  0.01444  0.00112  0.01501  0.00694
  2:11111        (1d) 2d  8  -0.00046 -0.00104 -0.02891 -0.02925  0.02267 -0.00546 -0.19400 -0.09607 -0.00469  0.97142  0.00174  0.00144 -0.06786  0.01709  0.00176  0.00715 -0.00345 -0.02622  0.02794  0.00065  0.01472  0.00123  0.00693 -0.00419 -0.01276  0.01491 -0.00541  0.00049  0.00820 -0.00301
  2:11111        (1s) 2d  9  -0.00038 -0.00088 -0.01689 -0.01343 -0.02048 -0.01405 -0.05197 -0.05157 -0.00902  0.05033 -0.00138 -0.00061  0.99286  0.04173  0.00354  0.01021 -0.00647 -0.03603  0.03770  0.00120 -0.01474  0.00134  0.00573 -0.00375 -0.01038  0.01217  0.00227  0.00029 -0.00463  0.00074
  2:11111        (3p) 2p 10   0.00295  0.02948 -0.00183 -0.04550  0.01284 -0.04922 -0.49886  0.83219  0.22048 -0.01685 -0.01036 -0.02087  0.01885  0.00107 -0.00240 -0.00743 -0.00192  0.02710  0.02639  0.03059 -0.00076 -0.00155 -0.00816 -0.00122  0.01499  0.01573  0.00048  0.01722 -0.00100  0.00030
  2:11111        (1d) 2p 11   0.00054  0.00661 -0.00036  0.02411  0.00372 -0.02759  0.09355 -0.20564  0.97185  0.00378 -0.00656 -0.01206  0.00288  0.00031 -0.00356 -0.00787 -0.00192  0.03303  0.03214  0.00809 -0.00059 -0.00194 -0.00788 -0.00117  0.01530  0.01621  0.00051  0.00559 -0.00061  0.00027
  3:11111        (3p) 4p 12   0.00796 -0.00095 -0.00016 -0.00158 -0.00113  0.01346 -0.00120  0.00021  0.00141 -0.00069  0.90538 -0.42351  0.00191 -0.01794  0.00610 -0.01585 -0.00593 -0.00244 -0.00001 -0.00035 -0.00006  0.00270 -0.00390 -0.00146 -0.00140 -0.00013 -0.00009 -0.00012  0.00002 -0.00003
  3:11111        (1d) 2d 13   0.00002 -0.00008  0.00039  0.00037  0.00022  0.00007  0.00011  0.00036  0.00052 -0.02156  0.03502  0.03239 -0.04121  0.99722 -0.00196  0.00349 -0.00291 -0.00882  0.01168  0.00053  0.02583 -0.00001  0.00172 -0.00129 -0.00303  0.00369  0.01054  0.00045  0.00780  0.00401
  3:11111        (3p) 2p 14  -0.00160 -0.01581  0.00093 -0.00076  0.00030 -0.00114 -0.01087  0.01829  0.02079 -0.00138  0.42211  0.90429  0.00358 -0.04404  0.00216  0.00529  0.00141 -0.01969 -0.01907 -0.00781 -0.00006  0.00082  0.00372  0.00056 -0.00696 -0.00733 -0.00031 -0.00416  0.00025 -0.00013
  4:11111        (3p) 4f 15   0.00000  0.00000  0.00004 -0.00085  0.00815  0.00066  0.00100  0.00045  0.00000  0.00011  0.00002  0.00003  0.00153  0.00125 -0.16737 -0.37734  0.89379 -0.14599  0.09221 -0.00013 -0.00833  0.00136  0.00235 -0.00701  0.00372 -0.00286  0.02636  0.00014 -0.00127 -0.00002
  4:11111        (3p) 4d 16  -0.00002 -0.00001  0.00005  0.02858  0.00257  0.00406 -0.00185  0.00094 -0.00014  0.00078 -0.00043 -0.00006  0.00062  0.00203  0.92621  0.20677  0.27891  0.13371  0.03305 -0.01315  0.02205 -0.02497 -0.00942 -0.01120 -0.00665 -0.00248  0.01503  0.00044 -0.00115 -0.00022
  4:11111        (3p) 4p 17   0.00416 -0.00049 -0.00008  0.00022  0.00031 -0.00374  0.00003  0.00029  0.00023 -0.00023  0.01614 -0.00835 -0.00015 -0.00145 -0.31830  0.87075  0.33369  0.16473  0.00895  0.03678 -0.01116 -0.00282  0.00156  0.00108  0.00319  0.00061  0.00709  0.00038 -0.00057  0.00002
  4:11111        (3p) 2d 18  -0.00006 -0.00018 -0.00309 -0.00034  0.00343 -0.00222 -0.02983 -0.01811 -0.00036 -0.05374 -0.00049 -0.00094 -0.05152 -0.02188  0.05680  0.17493 -0.09578 -0.65836  0.70623  0.02218  0.10980  0.00279  0.01725 -0.01153 -0.03069  0.03715  0.04004  0.00210  0.02339  0.00885
  4:11111        (1d) 2d 19  -0.00012 -0.00027 -0.00664 -0.00082  0.00166 -0.00151 -0.01839 -0.01185 -0.00122 -0.01575 -0.00038 -0.00025  0.01968 -0.02384 -0.03359 -0.02212  0.01590  0.09029 -0.06673  0.00609  0.98801  0.00497  0.02952 -0.01709 -0.05167  0.05561 -0.01634  0.00083  0.01824 -0.00546
  4:11111        (1s) 2d 20  -0.00010 -0.00023 -0.00445 -0.00074  0.00102 -0.00075 -0.01070 -0.00618  0.00002  0.00578 -0.00042 -0.00044 -0.00014 -0.00953 -0.00872 -0.00350 -0.02579  0.01463 -0.04175 -0.00350  0.01772 -0.00262 -0.01538  0.01219  0.03102 -0.04273  0.99497  0.00542 -0.05902  0.00166
  4:11111        (3p) 2p 21   0.00084  0.00809 -0.00044  0.00073 -0.00065  0.00284  0.01640 -0.02544 -0.05649  0.00107  0.01269  0.02828 -0.00054 -0.00258 -0.07691 -0.15568 -0.03833  0.69376  0.68645  0.08205 -0.02234 -0.00375 -0.01833 -0.00229  0.03291  0.03155  0.01686  0.02768 -0.00237  0.00045
  4:11111        (1d) 2p 22   0.00037  0.00363 -0.00019  0.00121 -0.00038  0.00154  0.01397 -0.02319 -0.01243  0.00081  0.00279  0.00666 -0.00071 -0.00016  0.02969 -0.01941 -0.00316 -0.05206 -0.07675  0.99037 -0.00525 -0.00823 -0.03186 -0.00459  0.05901  0.06006  0.00139  0.01048 -0.00111  0.00041
  5:11111        (3p) 4f 23   0.00000  0.00000  0.00002 -0.00042  0.00418  0.00034  0.00046  0.00020  0.00000  0.00002  0.00000  0.00000  0.00033  0.00012 -0.00159 -0.00316  0.00755 -0.00187  0.00137 -0.00018  0.00129 -0.19251 -0.34605  0.84992 -0.30721  0.15983 -0.00023 -0.00038 -0.00996  0.02648
  5:11111        (3p) 4d 24  -0.00001  0.00000  0.00002  0.01363  0.00121  0.00189 -0.00087  0.00042 -0.00010  0.00034 -0.00006 -0.00001  0.00028  0.00021  0.02702  0.00648  0.00858  0.00423  0.00151  0.00105  0.00108  0.82552  0.32726  0.38946  0.22930  0.07149  0.00031 -0.01376  0.02365  0.01546
  5:11111        (3p) 4p 25   0.00175 -0.00021 -0.00003  0.00007  0.00010 -0.00119  0.00000  0.00010  0.00007 -0.00006  0.00456 -0.00226 -0.00001 -0.00015  0.00073 -0.00383 -0.00153  0.00006  0.00037  0.00172 -0.00150 -0.51564  0.75254  0.28723  0.28762  0.03184 -0.00177  0.03606 -0.01219  0.00711
  5:11111        (3p) 2d 26  -0.00004 -0.00011 -0.00206 -0.00020  0.00174 -0.00112 -0.01491 -0.00908 -0.00030 -0.02349 -0.00014 -0.00019 -0.01576 -0.00453 -0.00150 -0.00848  0.00499  0.03327 -0.03577  0.00143 -0.08992  0.06924  0.32029 -0.19836 -0.59306  0.69294  0.05940  0.02162  0.07059  0.02651
  5:11111        (1d) 2d 27  -0.00006 -0.00013 -0.00318 -0.00040  0.00089 -0.00078 -0.00958 -0.00609 -0.00051 -0.00747 -0.00018 -0.00014  0.00658 -0.00712 -0.00115 -0.00351  0.00165  0.01306 -0.01552 -0.00235 -0.01403 -0.03426 -0.03528  0.01725  0.05623 -0.03750  0.05381  0.03321  0.99384 -0.00915
  5:11111        (1s) 2d 28  -0.00005 -0.00011 -0.00221 -0.00037  0.00057 -0.00041 -0.00582 -0.00340 -0.00007  0.00232 -0.00015 -0.00015 -0.00016 -0.00388 -0.00083 -0.00155  0.00064  0.00596 -0.00581  0.00087  0.00629 -0.00475 -0.00486 -0.02436  0.00832 -0.03570 -0.00337 -0.00165  0.00753  0.99888
  5:11111        (3p) 2p 29   0.00046  0.00436 -0.00023  0.00035 -0.00030  0.00135  0.00756 -0.01169 -0.02461  0.00038  0.00411  0.00887 -0.00044 -0.00051  0.00203  0.00799  0.00176 -0.03166 -0.03015 -0.09572  0.00585 -0.08712 -0.31550 -0.04822  0.63610  0.68669  0.00229  0.03738 -0.02484  0.01646
  5:11111        (1d) 2p 30   0.00025  0.00247 -0.00013  0.00061 -0.00020  0.00080  0.00717 -0.01186 -0.00659  0.00034  0.00140  0.00310 -0.00038 -0.00014  0.00193  0.00423  0.00106 -0.01818 -0.01787 -0.00976  0.00177  0.03312 -0.01572  0.00094 -0.02215 -0.04152 -0.00911  0.99713 -0.03259  0.00068
  1:11111        (3p 2.0)  1  0.50268  0.86216 -0.05332  0.00231  0.00035 -0.00685  0.01338 -0.02052 -0.01123  0.00013  0.00351  0.01480 -0.00045 -0.00051  0.00112  0.00008 -0.00018 -0.00632 -0.00587 -0.00455  0.00015  0.00076  0.00134  0.00007 -0.00375 -0.00374 -0.00014 -0.00323  0.00021 -0.00008
  1:11111        (1d 2.0)  2  0.02207  0.04887  0.99793 -0.00131 -0.00049  0.00000 -0.00194 -0.00058 -0.00005  0.02999 -0.00003 -0.00012  0.01515  0.00054 -0.00001  0.00078 -0.00057 -0.00276  0.00308  0.00016  0.00711  0.00011  0.00107 -0.00074 -0.00195  0.00229  0.00471  0.00022  0.00351  0.00220
  1:11111        (3p 1.0)  3  0.86388 -0.50301  0.00552  0.00210  0.00184 -0.01993 -0.00438  0.00935  0.00435  0.00003 -0.00935 -0.00307  0.00003  0.00037  0.00095 -0.00397 -0.00142  0.00211  0.00259  0.00189 -0.00003  0.00066 -0.00205 -0.00058  0.00113  0.00162  0.00003  0.00139 -0.00008  0.00002
  2:11111        (3p 2.0)  4 -0.00935  0.01909  0.00282  0.00623  0.24420 -0.57482 -0.73348  0.20314  0.09483 -0.13437  0.00057 -0.01503 -0.02162 -0.00235 -0.00141 -0.01040  0.00007  0.03274 -0.00342  0.01722 -0.01637 -0.00121 -0.01003  0.00188  0.01788 -0.00159 -0.00827  0.00947 -0.00944 -0.00394
  2:11111        (1d 2.0)  5  0.00020  0.00496 -0.01613  0.00415  0.01553 -0.02608 -0.02799 -0.22467  0.81054  0.53524 -0.00453 -0.00930 -0.03476  0.00962 -0.00202 -0.00267 -0.00350  0.01327  0.04219  0.00713  0.00757 -0.00095 -0.00279 -0.00327  0.00581  0.02172 -0.00254  0.00494  0.00399 -0.00143
  2:11111        (3p 2.0)  6  0.01427  0.00617  0.00056 -0.75724  0.13037  0.52962 -0.33011  0.07600  0.08064 -0.08063 -0.01067 -0.00193 -0.00789 -0.00096  0.01594  0.00254  0.00514  0.01796 -0.00081  0.00750 -0.00693  0.00592 -0.00074  0.00380  0.01036 -0.00013 -0.00342  0.00410 -0.00400 -0.00162
  2:11111        (1d 2.0)  7 -0.00068 -0.00449 -0.02399 -0.03768  0.01693  0.01055 -0.21355  0.03226 -0.53623  0.81068  0.00505  0.00781 -0.05835  0.01413  0.00342  0.01029 -0.00184 -0.04003  0.00577 -0.00389  0.01264  0.00209  0.01012 -0.00286 -0.01906  0.00359 -0.00481 -0.00265  0.00719 -0.00266
  2:11111        (3p 1.0)  8 -0.00615  0.01200 -0.00475 -0.43895 -0.28047 -0.40518  0.38079  0.62489  0.09417  0.12935  0.00052 -0.01012  0.02752  0.00304  0.01453  0.00347  0.00152 -0.00645  0.03084  0.01238  0.01755  0.00589  0.00381 -0.00076 -0.00297  0.01827  0.00966  0.00726  0.00945  0.00468
  2:11111        (3p 1.0)  9  0.00998  0.01416 -0.00113  0.36635 -0.63465  0.37177 -0.36553  0.41694  0.12558 -0.00312 -0.01052 -0.00858  0.00094  0.00038 -0.01334 -0.00693  0.00126  0.01239  0.01367  0.01603 -0.00063 -0.00577 -0.00648 -0.00012  0.00603  0.00820  0.00018  0.00900 -0.00066  0.00013
  2:11111        (3p 0.0) 10  0.00495  0.01135 -0.00297  0.31147  0.66397  0.29160  0.15085  0.57577  0.10346  0.08567 -0.00664 -0.00766  0.05520  0.00326 -0.01082  0.00073 -0.01109 -0.00197  0.02358  0.01322  0.01041 -0.00407 -0.00041 -0.00724 -0.00056  0.01322  0.00594  0.00758  0.00562  0.00286
  2:11111        (1s 0.0) 11 -0.00038 -0.00088 -0.01689 -0.01343 -0.02048 -0.01405 -0.05197 -0.05157 -0.00902  0.05033 -0.00138 -0.00061  0.99286  0.04173  0.00354  0.01021 -0.00647 -0.03603  0.03770  0.00120 -0.01474  0.00134  0.00573 -0.00375 -0.01038  0.01217  0.00227  0.00029 -0.00463  0.00074
  3:11111        (3p 2.0) 12  0.00179 -0.01482  0.00079 -0.00134 -0.00019  0.00445 -0.01041  0.01678  0.01956 -0.00154  0.75495  0.65261  0.00405 -0.04753  0.00446 -0.00164 -0.00113 -0.01897 -0.01741 -0.00727 -0.00008  0.00185  0.00180 -0.00008 -0.00692 -0.00674 -0.00032 -0.00385  0.00024 -0.00013
  3:11111        (1d 2.0) 13  0.00002 -0.00008  0.00039  0.00037  0.00022  0.00007  0.00011  0.00036  0.00052 -0.02156  0.03502  0.03239 -0.04121  0.99722 -0.00196  0.00349 -0.00291 -0.00882  0.01168  0.00053  0.02583 -0.00001  0.00172 -0.00129 -0.00303  0.00369  0.01054  0.00045  0.00780  0.00401
  3:11111        (3p 1.0) 14  0.00792  0.00558 -0.00052 -0.00113 -0.00116  0.01275  0.00334 -0.00728 -0.00720 -0.00006  0.65416 -0.75578  0.00028  0.00160  0.00469 -0.01663 -0.00599  0.00581  0.00777  0.00287 -0.00003  0.00213 -0.00507 -0.00156  0.00156  0.00287  0.00004  0.00159 -0.00009  0.00002
  4:11111        (3p 2.0) 15 -0.00167  0.00515  0.00161  0.00039 -0.00142  0.00506  0.02747 -0.00442 -0.03333  0.03256 -0.00074  0.02171  0.03045  0.01236  0.06566 -0.70972 -0.01618  0.69211 -0.00340  0.01594 -0.07345 -0.00219 -0.02155  0.00390  0.03646 -0.00404 -0.01373  0.01495 -0.01511 -0.00498
  4:11111        (1d 2.0) 16  0.00024  0.00289 -0.00380  0.00057  0.00060  0.00046  0.00161 -0.02589 -0.01107 -0.00795  0.00213  0.00543  0.01018 -0.01319  0.00644 -0.02835  0.00607  0.00590 -0.10076  0.83194  0.53676 -0.00416 -0.01049 -0.01320  0.02107  0.08071 -0.00778  0.00922  0.00906 -0.00265
  4:11111        (3p 2.0) 17  0.00289  0.00183  0.00060 -0.01822 -0.00076 -0.00355  0.01336 -0.00222 -0.01426  0.01353  0.01393  0.00229  0.01300  0.00302 -0.87069  0.25265  0.23980  0.33589 -0.00084  0.04727 -0.05724  0.01294 -0.00162  0.00878  0.02354 -0.00007 -0.00549  0.00659 -0.00654 -0.00202
  4:11111        (1d 2.0) 18 -0.00030 -0.00222 -0.00545 -0.00135  0.00160 -0.00211 -0.02304  0.00279  0.00579 -0.01362 -0.00185 -0.00386  0.01686 -0.01986 -0.04437 -0.00788  0.01503  0.10405 -0.01379 -0.53735  0.82951  0.00867  0.04215 -0.01179 -0.07555  0.01363 -0.01443 -0.00504  0.01586 -0.00479
  4:11111        (3p 1.0) 19 -0.00115  0.00319 -0.00217 -0.01460 -0.00123 -0.00128 -0.01218 -0.02223 -0.02212 -0.03462 -0.00077  0.01326 -0.03406 -0.01594 -0.32500 -0.27427 -0.52937 -0.25085  0.68164  0.04018  0.05650  0.01392  0.00785 -0.00141 -0.00554  0.03789  0.01646  0.01169  0.01525  0.00600
  4:11111        (3p 1.0) 20  0.00211  0.00397 -0.00026  0.01209 -0.00450  0.00110  0.00712 -0.01295 -0.02913  0.00069  0.01289  0.01118 -0.00109 -0.00194  0.29883  0.59614 -0.35616  0.57123  0.31114  0.05223 -0.00211 -0.01363 -0.01401 -0.00054  0.01330  0.01742  0.00031  0.01453 -0.00108  0.00017
  4:11111        (3p 0.0) 21  0.00107  0.00314 -0.00141  0.01128  0.00781  0.00168 -0.00555 -0.01704 -0.02323 -0.02115  0.00777  0.00963 -0.01999 -0.00857  0.19747 -0.00653  0.73062 -0.00062  0.64667  0.04381  0.03698 -0.01017 -0.00240 -0.01481  0.00132  0.02519  0.04867  0.01251  0.00714  0.00370
  4:11111        (1s 0.0) 22 -0.00010 -0.00023 -0.00445 -0.00074  0.00102 -0.00075 -0.01070 -0.00618  0.00002  0.00578 -0.00042 -0.00044 -0.00014 -0.00953 -0.00872 -0.00350 -0.02579  0.01463 -0.04175 -0.00350  0.01772 -0.00262 -0.01538  0.01219  0.03102 -0.04273  0.99497  0.00542 -0.05902  0.00166
  5:11111        (3p 2.0) 23 -0.00063  0.00276  0.00110  0.00023 -0.00067  0.00214  0.01336 -0.00157 -0.01441  0.01415  0.00010  0.00656  0.00912  0.00247  0.00148  0.01133 -0.00004 -0.03871  0.00332 -0.05841  0.05763  0.15313 -0.82328  0.05703  0.53154  0.00206 -0.03288 -0.00981 -0.05142 -0.00597
  5:11111        (1d 2.0) 24  0.00018  0.00199 -0.00185  0.00029  0.00032  0.00025  0.00075 -0.01325 -0.00580 -0.00380  0.00107  0.00251  0.00329 -0.00402  0.00098  0.00162  0.00179 -0.00806 -0.02345 -0.00945 -0.00620  0.00894 -0.03247  0.01023  0.01226 -0.05528  0.02185  0.85245  0.51708 -0.00444
  5:11111        (3p 2.0) 25  0.00124  0.00102  0.00044 -0.00870 -0.00034 -0.00127  0.00647 -0.00084 -0.00616  0.00591  0.00403  0.00091  0.00384  0.00084 -0.01641 -0.00305 -0.00571 -0.01986  0.00101 -0.02471  0.02336 -0.94231  0.02777  0.15339  0.28565  0.00699 -0.01612  0.03578 -0.04980 -0.00234
  5:11111        (1d 2.0) 26 -0.00019 -0.00146 -0.00259 -0.00067  0.00085 -0.00109 -0.01194  0.00140  0.00318 -0.00644 -0.00092 -0.00181  0.00572 -0.00588 -0.00202 -0.00525  0.00081  0.02089 -0.00320  0.00338 -0.01271 -0.04680 -0.02091  0.01392  0.05918 -0.00863  0.05001 -0.51836  0.84936 -0.00803
  5:11111        (3p 1.0) 27 -0.00045  0.00169 -0.00142 -0.00697 -0.00056 -0.00083 -0.00635 -0.01068 -0.00970 -0.01517 -0.00005  0.00410 -0.01055 -0.00320 -0.01404 -0.00372 -0.00163  0.00742 -0.03597 -0.03725 -0.05610 -0.19513 -0.27037 -0.63094 -0.28814  0.63077  0.03974  0.02313  0.03010  0.00732
  5:11111        (3p 1.0) 28  0.00094  0.00217 -0.00014  0.00576 -0.00236  0.00073  0.00327 -0.00597 -0.01272  0.00029  0.00393  0.00367 -0.00034 -0.00032  0.01284  0.00714 -0.00128 -0.01348 -0.01573 -0.04822  0.00199  0.19110  0.49223 -0.30880  0.73262  0.29157  0.00073  0.02879 -0.00214  0.00020
  5:11111        (3p 0.0) 29  0.00049  0.00170 -0.00092  0.00535  0.00395  0.00088 -0.00304 -0.00815 -0.01020 -0.00929  0.00243  0.00313 -0.00627 -0.00192  0.01029 -0.00041  0.01113  0.00112 -0.02529 -0.03787 -0.03327  0.10406  0.03656  0.69138 -0.04617  0.70742  0.02483  0.02480  0.01930  0.04324
  5:11111        (1s 0.0) 30 -0.00005 -0.00011 -0.00221 -0.00037  0.00057 -0.00041 -0.00582 -0.00340 -0.00007  0.00232 -0.00015 -0.00015 -0.00016 -0.00388 -0.00083 -0.00155  0.00064  0.00596 -0.00581  0.00087  0.00629 -0.00475 -0.00486 -0.02436  0.00832 -0.03570 -0.00337 -0.00165  0.00753  0.99888
1  eigenvalues      (j= 2.5)

                              748.030  790.323  907.692  914.896  917.941  918.269  922.687  955.940  956.640  998.100 1009.681 1038.219 1055.437 1058.962 1060.434 1060.847 1063.713 1097.667 1098.031 1122.225 1124.371 1125.878 1126.145 1127.821 1153.309 1162.710 1163.034 1218.815
                    1         11111    11111    11111    11111    11111    11111    11111    11111    11111    11111    11111    11111    11111    11111    11111    11111    11111    11111    11111    11111    11111    11111    11111    11111    11111    11111    11111    11111   
                              (3p) 4p  (1d) 2d  (3p) 4d  (3p) 4f  (3p) 4p  (3p) 2f  (3p) 2d  (1d) 2f  (1d) 2d  (3p) 4p  (1s) 2d  (1d) 2d  (3p) 4d  (3p) 4f  (3p) 4p  (3p) 2f  (3p) 2d  (1d) 2f  (1d) 2d  (3p) 4d  (3p) 4f  (3p) 4p  (3p) 4f  (3p) 2d  (1s) 2d  (1d) 2f  (1d) 2d  (1s) 2d 
  1:11111        (3p) 4p  1   0.99887 -0.04174  0.00275  0.00133 -0.01877 -0.00839  0.00251  0.00007  0.00019 -0.00779 -0.00038  0.00030  0.00105  0.00115 -0.00364 -0.00068  0.00074  0.00002  0.00007  0.00063  0.00070 -0.00138 -0.00004  0.00049 -0.00007  0.00001  0.00003 -0.00003
  1:11111        (1d) 2d  2   0.04174  0.99849 -0.00157 -0.00064  0.00063  0.00039  0.00053  0.01083  0.02832  0.00007  0.01495  0.00049 -0.00015 -0.00124  0.00090 -0.00113  0.00434  0.00190  0.00668 -0.00002 -0.00161  0.00032  0.00133  0.00286  0.00463  0.00044  0.00330  0.00212
  2:11111        (3p) 4f  3   0.00001  0.00017 -0.13579  0.96520  0.13133 -0.17525  0.03557  0.01611 -0.00860 -0.00005  0.01764  0.00051  0.00198 -0.00708 -0.00223  0.00332  0.00023 -0.00011 -0.00005  0.00130 -0.00266 -0.00059 -0.00289  0.00018 -0.00005 -0.00005  0.00002 -0.00004
  2:11111        (3p) 4d  4  -0.00015  0.00055  0.98122  0.12592  0.12780  0.01883 -0.05041 -0.00354  0.02773 -0.00020  0.01721  0.00064 -0.02756 -0.00462 -0.00865  0.00175  0.00313  0.00009 -0.00084 -0.01141 -0.00116 -0.00473 -0.00309  0.00227 -0.00037  0.00012 -0.00035 -0.00019
  2:11111        (3p) 4p  5   0.02081 -0.00123 -0.12245 -0.06214  0.89619  0.40141 -0.12327 -0.00939 -0.02447 -0.01439  0.01802  0.00079 -0.00126 -0.00116  0.00337  0.00065 -0.00062 -0.00011 -0.00039 -0.00052 -0.00047  0.00094 -0.00002 -0.00039  0.00003 -0.00002 -0.00014  0.00001
  2:11111        (3p) 2f  6  -0.00001 -0.00011  0.01372  0.20317 -0.35017  0.88676  0.22065 -0.01266  0.01577  0.00007 -0.01979 -0.00053 -0.00004  0.00310  0.00024  0.00581  0.00178 -0.00452  0.00180 -0.00007  0.00182  0.00150 -0.00174  0.00152 -0.00005 -0.00255  0.00058 -0.00003
  2:11111        (1d) 2f  7   0.00000 -0.00005  0.01705 -0.01538  0.00059  0.01362  0.03875  0.93354 -0.35514 -0.00001 -0.00045 -0.00007  0.00036 -0.00370 -0.00034 -0.00699 -0.00282  0.00806 -0.00276  0.00016 -0.00210 -0.00176  0.00201 -0.00193  0.00001  0.00349 -0.00072  0.00002
  2:11111        (3p) 2d  8  -0.00015 -0.00679  0.03103 -0.08251  0.19682 -0.14174  0.94768  0.02664  0.17329  0.00045  0.02731  0.00353  0.00060 -0.01087  0.00843 -0.01116  0.04090  0.00617  0.02477  0.00049 -0.01183  0.00242  0.01013  0.02148  0.01365  0.00151  0.01387  0.00644
  2:11111        (1d) 2d  9  -0.00086 -0.02895 -0.03287  0.01073 -0.00809  0.02454 -0.17063  0.35498  0.91345  0.00235 -0.07229  0.01679  0.00082 -0.00940  0.00797 -0.01056  0.03571  0.00279  0.01280  0.00057 -0.00942  0.00201  0.00841  0.01705 -0.00621  0.00072  0.00746 -0.00340
  2:11111        (1s) 2d 10  -0.00072 -0.01696 -0.01528 -0.01093 -0.03416  0.01904 -0.03312  0.02390  0.05838 -0.00226  0.99392  0.04102  0.00239 -0.01275  0.00903 -0.01331  0.04656 -0.00588 -0.01590  0.00090 -0.00727  0.00135  0.00639  0.01361  0.00134 -0.00135 -0.00528  0.00041
  3:11111        (3p) 4p 11   0.00801 -0.00040 -0.00153 -0.00085  0.01274  0.00573 -0.00189 -0.00058 -0.00156  0.99872  0.00447 -0.04419  0.00481  0.00509 -0.01538 -0.00275  0.00258 -0.00004 -0.00014  0.00186  0.00205 -0.00397 -0.00014  0.00137 -0.00022  0.00001  0.00003 -0.00008
  3:11111        (1d) 2d 12   0.00006  0.00038  0.00044  0.00025 -0.00004  0.00005 -0.00073 -0.00757 -0.02012  0.04435 -0.04034  0.99733 -0.00306 -0.00688  0.00510 -0.00442  0.01723  0.00727  0.02461 -0.00027 -0.00292  0.00061  0.00221  0.00482  0.01050  0.00109  0.00745  0.00392
  4:11111        (3p) 4f 13   0.00000  0.00003 -0.00125  0.00794  0.00114 -0.00157  0.00054  0.00032 -0.00005  0.00002  0.00103  0.00090 -0.25118  0.82139  0.27554 -0.42875  0.04033  0.01658 -0.01079  0.00243 -0.00503 -0.00152 -0.00648 -0.00095  0.01760 -0.00026 -0.00103 -0.00002
  4:11111        (3p) 4d 14  -0.00002  0.00007  0.02848  0.00376  0.00406  0.00058 -0.00134 -0.00023  0.00117 -0.00037  0.00081  0.00264  0.93163  0.15108  0.30721 -0.06719 -0.08507 -0.00678  0.03119 -0.02651 -0.00247 -0.01050 -0.00718  0.00441  0.01875 -0.00011 -0.00167 -0.00029
  4:11111        (3p) 4p 15   0.00415 -0.00021  0.00019  0.00021 -0.00342 -0.00147  0.00028 -0.00015 -0.00045  0.01719 -0.00034 -0.00352 -0.25284 -0.27921  0.89059  0.16901 -0.18710 -0.00780 -0.02569 -0.00211 -0.00026  0.00264 -0.00121 -0.00343  0.01737 -0.00030 -0.00149  0.00004
  4:11111        (3p) 2f 16   0.00000 -0.00001  0.00005 -0.00141  0.00242 -0.00596 -0.00112  0.00818 -0.00252 -0.00001  0.00121  0.00079  0.00990  0.41576  0.04167  0.84732  0.32662  0.00392  0.00903 -0.00001  0.00307  0.00362 -0.00289  0.00544 -0.01962 -0.00381  0.00229 -0.00003
  4:11111        (1d) 2f 17   0.00000 -0.00001  0.00006  0.00109 -0.00176  0.00431  0.00056 -0.00826  0.00273  0.00000 -0.00089 -0.00052  0.02084 -0.02184  0.00618 -0.00288  0.03119  0.95587 -0.28974  0.00132 -0.00813 -0.00698  0.00739 -0.00848 -0.00027  0.00887 -0.00202 -0.00002
  4:11111        (3p) 2d 18  -0.00011 -0.00316 -0.00002  0.00343 -0.00778  0.00520 -0.03694 -0.01674 -0.04896 -0.00023 -0.04791 -0.02465  0.03897 -0.22445  0.18225 -0.25203  0.91390 -0.01613  0.07127  0.00113 -0.02477  0.00515  0.02080  0.04404  0.01267  0.00250  0.02279  0.00823
  4:11111        (1d) 2d 19  -0.00024 -0.00665 -0.00074  0.00173 -0.00496  0.00332 -0.02184 -0.00430 -0.01424 -0.00058  0.02004 -0.02427 -0.03681  0.00456  0.00431  0.01284 -0.06995  0.29076  0.94854  0.00168 -0.03914  0.00769  0.03315  0.06441 -0.01866  0.00162  0.01636 -0.00608
  4:11111        (1s) 2d 20  -0.00018 -0.00447 -0.00076  0.00091 -0.00230  0.00176 -0.01221  0.00266  0.00522 -0.00049 -0.00054 -0.00993 -0.00960 -0.00214 -0.02698  0.02513  0.00104  0.00720  0.02188 -0.00123  0.01938 -0.00314 -0.01757 -0.04154  0.99505 -0.01655 -0.06983  0.00080
  5:11111        (3p) 4f 21   0.00000  0.00001 -0.00062  0.00408  0.00058 -0.00079  0.00024  0.00012 -0.00003  0.00000  0.00022  0.00008 -0.00242  0.00681  0.00235 -0.00399  0.00089  0.00121  0.00063 -0.31690  0.61285  0.13709  0.71008 -0.01240 -0.00014  0.01793 -0.00978  0.01766
  5:11111        (3p) 4d 22  -0.00001  0.00003  0.01358  0.00178  0.00188  0.00027 -0.00065 -0.00008  0.00049 -0.00006  0.00035  0.00026  0.02718  0.00442  0.00981 -0.00217 -0.00237 -0.00086  0.00207  0.87547  0.08168  0.36996  0.24617 -0.16386  0.00073 -0.01140  0.03156  0.01929
  5:11111        (3p) 4p 23   0.00174 -0.00009  0.00006  0.00007 -0.00109 -0.00047  0.00008 -0.00004 -0.00012  0.00495 -0.00004 -0.00037  0.00045  0.00118 -0.00393 -0.00047  0.00017 -0.00068 -0.00280 -0.35824 -0.39818  0.79277  0.02502 -0.28793 -0.00374 -0.00452 -0.02654  0.01742
  5:11111        (3p) 2f 24   0.00000  0.00000  0.00002 -0.00066  0.00112 -0.00275 -0.00054  0.00353 -0.00120  0.00000  0.00021  0.00000  0.00014 -0.00324 -0.00007 -0.00657 -0.00163  0.01579 -0.00107 -0.00130  0.52558  0.45550 -0.53343  0.48046  0.00264  0.01027  0.00779 -0.01974
  5:11111        (1d) 2f 25   0.00000 -0.00001  0.00002  0.00056 -0.00091  0.00225  0.00036 -0.00333  0.00116  0.00000 -0.00020 -0.00004  0.00011  0.00203  0.00007  0.00387  0.00060 -0.00930  0.00111  0.02223 -0.02995  0.00266  0.00847  0.02177  0.00620  0.98466 -0.16831 -0.00012
  5:11111        (3p) 2d 26  -0.00008 -0.00209 -0.00004  0.00173 -0.00389  0.00260 -0.01833 -0.00726 -0.02137 -0.00013 -0.01462 -0.00460 -0.00044  0.01193 -0.00949  0.01297 -0.04940 -0.02184 -0.08359  0.04368 -0.42320  0.08832  0.38316  0.80518  0.05203 -0.03018  0.03223 -0.00052
  5:11111        (1d) 2d 27  -0.00012 -0.00319 -0.00036  0.00092 -0.00254  0.00172 -0.01129 -0.00199 -0.00666 -0.00026  0.00696 -0.00710 -0.00085  0.00479 -0.00438  0.00562 -0.01990 -0.00320 -0.01452 -0.03876  0.00006  0.00444 -0.00925 -0.03485  0.06993  0.16894  0.98115 -0.01023
  5:11111        (1s) 2d 28  -0.00009 -0.00222 -0.00037  0.00051 -0.00127  0.00096 -0.00662  0.00117  0.00220 -0.00018 -0.00013 -0.00392 -0.00075  0.00180 -0.00166  0.00224 -0.00844  0.00212  0.00474 -0.00546  0.00470 -0.01430 -0.02819  0.01792 -0.00032  0.00200  0.01010  0.99917
  1:11111        (3p 2.0)  1  0.99887 -0.04174  0.00275  0.00133 -0.01877 -0.00839  0.00251  0.00007  0.00019 -0.00779 -0.00038  0.00030  0.00105  0.00115 -0.00364 -0.00068  0.00074  0.00002  0.00007  0.00063  0.00070 -0.00138 -0.00004  0.00049 -0.00007  0.00001  0.00003 -0.00003
  1:11111        (1d 2.0)  2  0.04174  0.99849 -0.00157 -0.00064  0.00063  0.00039  0.00053  0.01083  0.02832  0.00007  0.01495  0.00049 -0.00015 -0.00124  0.00090 -0.00113  0.00434  0.00190  0.00668 -0.00002 -0.00161  0.00032  0.00133  0.00286  0.00463  0.00044  0.00330  0.00212
  2:11111        (3p 2.0)  3  0.01098 -0.00523 -0.46656 -0.24730  0.66148 -0.18552  0.48950  0.01745  0.08163 -0.00726  0.02585  0.00258  0.01152 -0.00642  0.01094 -0.00972  0.02404  0.00543  0.01549  0.00493 -0.00789  0.00360  0.00855  0.01212  0.00898  0.00179  0.00881  0.00425
  2:11111        (1d 2.0)  4 -0.00077 -0.02592 -0.02177  0.00272 -0.00698  0.02804 -0.13528  0.73500  0.65819  0.00210 -0.06486  0.01498  0.00090 -0.01006  0.00698 -0.01257  0.03068  0.00610  0.01022  0.00058 -0.00937  0.00101  0.00842  0.01438 -0.00555  0.00220  0.00635 -0.00303
  2:11111        (3p 2.0)  5 -0.00568 -0.00265  0.73994 -0.44040 -0.02979 -0.31053  0.38444  0.00890  0.10798  0.00390  0.01649  0.00181 -0.01807 -0.00546 -0.00143 -0.00746  0.02138  0.00429  0.01109 -0.00757 -0.00558 -0.00225  0.00469  0.01147  0.00638  0.00150  0.00635  0.00301
  2:11111        (1d 2.0)  6  0.00038  0.01290  0.02995 -0.01855  0.00415  0.00120  0.11097  0.67623 -0.72616 -0.00106  0.03193 -0.00757 -0.00004  0.00090 -0.00387 -0.00153 -0.01849  0.00596 -0.00820 -0.00011  0.00234 -0.00247 -0.00196 -0.00935  0.00279  0.00280 -0.00398  0.00153
  2:11111        (3p 1.0)  7  0.01343 -0.00074  0.27801 -0.14496  0.36259  0.87650  0.03366 -0.01977  0.00532 -0.00933 -0.00038  0.00023 -0.01012  0.00175  0.00023  0.00371  0.00165 -0.00287  0.00064 -0.00436  0.00123  0.00022 -0.00127  0.00137 -0.00011 -0.00158  0.00016 -0.00006
  2:11111        (3p 1.0)  8 -0.00371 -0.00318  0.14067  0.75321 -0.07174  0.08558  0.62300  0.02134  0.10119  0.00268  0.01930  0.00200 -0.00352 -0.01021  0.00068 -0.00101  0.02314  0.00143  0.01363 -0.00101 -0.00754  0.00035  0.00200  0.01257  0.00706 -0.00022  0.00750  0.00332
  2:11111        (3p 0.0)  9  0.00927  0.00171  0.36758  0.39490  0.65040 -0.30365 -0.43487  0.00053 -0.05593 -0.00672  0.02749  0.00022 -0.01384 -0.00471 -0.00633  0.00278 -0.01061  0.00057 -0.00829 -0.00555  0.00028 -0.00368 -0.00477 -0.00556 -0.00389  0.00091 -0.00430 -0.00185
  2:11111        (1s 0.0) 10 -0.00072 -0.01696 -0.01528 -0.01093 -0.03416  0.01904 -0.03312  0.02390  0.05838 -0.00226  0.99392  0.04102  0.00239 -0.01275  0.00903 -0.01331  0.04656 -0.00588 -0.01590  0.00090 -0.00727  0.00135  0.00639  0.01361  0.00134 -0.00135 -0.00528  0.00041
  3:11111        (3p 2.0) 11  0.00801 -0.00040 -0.00153 -0.00085  0.01274  0.00573 -0.00189 -0.00058 -0.00156  0.99872  0.00447 -0.04419  0.00481  0.00509 -0.01538 -0.00275  0.00258 -0.00004 -0.00014  0.00186  0.00205 -0.00397 -0.00014  0.00137 -0.00022  0.00001  0.00003 -0.00008
  3:11111        (1d 2.0) 12  0.00006  0.00038  0.00044  0.00025 -0.00004  0.00005 -0.00073 -0.00757 -0.02012  0.04435 -0.04034  0.99733 -0.00306 -0.00688  0.00510 -0.00442  0.01723  0.00727  0.02461 -0.00027 -0.00292  0.00061  0.00221  0.00482  0.01050  0.00109  0.00745  0.00392
  4:11111        (3p 2.0) 13  0.00213 -0.00217 -0.01214  0.00088 -0.00945  0.00443 -0.02270 -0.01359 -0.03141  0.00911 -0.03184 -0.01918 -0.50334 -0.53207  0.43148 -0.31917  0.41222 -0.01358  0.01619  0.01093 -0.01589  0.00804  0.01709  0.02282  0.01536  0.00282  0.01386  0.00546
  4:11111        (1d 2.0) 14 -0.00021 -0.00595 -0.00063  0.00203 -0.00523  0.00490 -0.01928 -0.00753 -0.01151 -0.00053  0.01753 -0.02194 -0.02361 -0.00569  0.00662  0.01019 -0.04862  0.68754  0.71883  0.00210 -0.03865  0.00376  0.03296  0.05381 -0.01681  0.00542  0.01373 -0.00545
  4:11111        (3p 2.0) 15 -0.00116 -0.00144  0.01889  0.00073 -0.00139  0.00554 -0.01874 -0.01045 -0.02211 -0.00490 -0.02332 -0.00989  0.80054 -0.42376 -0.08731 -0.23058  0.33308 -0.01878  0.06401 -0.01713 -0.01196 -0.00522  0.00947  0.02406  0.01056  0.00232  0.01021  0.00380
  4:11111        (1d 2.0) 16  0.00010  0.00296  0.00038  0.00020  0.00064  0.00237  0.01027 -0.00546  0.00881  0.00026 -0.00976  0.01039  0.03510 -0.02157  0.00360 -0.00832  0.05918  0.72493 -0.68335  0.00043  0.01024 -0.00969 -0.00821 -0.03639  0.00811  0.00721 -0.00913  0.00271
  4:11111        (3p 1.0) 17  0.00268 -0.00013  0.00952 -0.00181  0.00028 -0.00409 -0.00111  0.00491 -0.00150  0.01101  0.00051 -0.00120  0.20805 -0.10255  0.62274  0.74544  0.04701 -0.00941  0.00198 -0.01044  0.00242  0.00111 -0.00305  0.00288 -0.00020 -0.00257  0.00025 -0.00008
  4:11111        (3p 1.0) 18 -0.00078 -0.00160  0.00471  0.00756 -0.00094 -0.00035 -0.01985 -0.00539 -0.02653 -0.00316 -0.02383 -0.01091  0.07474  0.70336  0.21322 -0.14367  0.65457  0.00476  0.04411 -0.00256 -0.01584  0.00054  0.00405  0.02615  0.01204 -0.00034  0.01212  0.00425
  4:11111        (3p 0.0) 19  0.00188  0.00082  0.01399  0.00542  0.00194  0.00054  0.01031  0.00035  0.01497  0.00757  0.01316  0.00649  0.23124  0.17553  0.60938 -0.51673 -0.52366  0.00301 -0.02451 -0.01364  0.00151 -0.00810 -0.01134 -0.01448  0.03187  0.00095 -0.00935 -0.00237
  4:11111        (1s 0.0) 20 -0.00018 -0.00447 -0.00076  0.00091 -0.00230  0.00176 -0.01221  0.00266  0.00522 -0.00049 -0.00054 -0.00993 -0.00960 -0.00214 -0.02698  0.02513  0.00104  0.00720  0.02188 -0.00123  0.01938 -0.00314 -0.01757 -0.04154  0.99505 -0.01655 -0.06983  0.00080
  5:11111        (3p 2.0) 21  0.00087 -0.00140 -0.00582  0.00045 -0.00430  0.00229 -0.01131 -0.00589 -0.01363  0.00256 -0.00967 -0.00327 -0.01170  0.00726 -0.01248  0.01146 -0.03018 -0.01954 -0.05587 -0.52553 -0.72294  0.15508  0.31039  0.27181  0.03031 -0.02115 -0.00917  0.00669
  5:11111        (1d 2.0) 22 -0.00011 -0.00285 -0.00031  0.00107 -0.00269  0.00254 -0.00994 -0.00327 -0.00544 -0.00023  0.00614 -0.00637 -0.00071  0.00519 -0.00389  0.00676 -0.01753 -0.00703 -0.01249 -0.02472 -0.01334  0.00516 -0.00449 -0.02143  0.06532  0.59146  0.80230 -0.00921
  5:11111        (3p 2.0) 23 -0.00050 -0.00097  0.00902  0.00025 -0.00093  0.00263 -0.00926 -0.00452 -0.00965 -0.00141 -0.00698 -0.00199  0.01829  0.00599  0.00172  0.00853 -0.02543 -0.01556 -0.03832  0.82770 -0.46512 -0.10921  0.14713  0.24102  0.02598 -0.03167  0.04547  0.00453
  5:11111        (1d 2.0) 24  0.00005  0.00142  0.00018  0.00009  0.00032  0.00124  0.00537 -0.00208  0.00401  0.00012 -0.00329  0.00314  0.00048 -0.00033  0.00202  0.00095  0.00944 -0.00689  0.00748  0.03722 -0.02681  0.00039  0.01172  0.03506 -0.02573  0.80516 -0.58932  0.00447
  5:11111        (3p 1.0) 25  0.00113 -0.00005  0.00452 -0.00097  0.00043 -0.00174 -0.00055  0.00215 -0.00067  0.00319  0.00016 -0.00018  0.00966 -0.00182 -0.00016 -0.00401 -0.00193  0.00894 -0.00201  0.13349 -0.07316  0.88008 -0.44415  0.06896 -0.00049 -0.00511  0.00047 -0.00009
  5:11111        (3p 1.0) 26 -0.00034 -0.00107  0.00222  0.00386 -0.00064 -0.00014 -0.00985 -0.00236 -0.01164 -0.00094 -0.00739 -0.00225  0.00340  0.01048 -0.00076  0.00109 -0.02655 -0.00448 -0.04314  0.03362  0.50171  0.25857  0.53675  0.62267  0.02915 -0.00067  0.02398  0.00519
  5:11111        (3p 0.0) 27  0.00080  0.00055  0.00666  0.00266  0.00123  0.00026  0.00508  0.00017  0.00661  0.00222  0.00413  0.00126  0.01299  0.00428  0.00693 -0.00332  0.01355 -0.00228  0.02338  0.13001 -0.00980  0.34938  0.62725 -0.68163 -0.01687  0.00332 -0.01299  0.03585
  5:11111        (1s 0.0) 28 -0.00009 -0.00222 -0.00037  0.00051 -0.00127  0.00096 -0.00662  0.00117  0.00220 -0.00018 -0.00013 -0.00392 -0.00075  0.00180 -0.00166  0.00224 -0.00844  0.00212  0.00474 -0.00546  0.00470 -0.01430 -0.02819  0.01792 -0.00032  0.00200  0.01010  0.99917
1  eigenvalues      (j= 3.5)

                              907.366  913.851  916.554  949.306  956.114 1055.209 1057.813 1059.642 1095.206 1097.737 1122.083 1123.340 1125.345 1161.529 1162.740
                    1         11111    11111    11111    11111    11111    11111    11111    11111    11111    11111    11111    11111    11111    11111    11111   
                              (3p) 4d  (3p) 4f  (3p) 2f  (1d) 2g  (1d) 2f  (3p) 4d  (3p) 4f  (3p) 2f  (1d) 2g  (1d) 2f  (3p) 4d  (3p) 2f  (3p) 4f  (1d) 2g  (1d) 2f 
  2:11111        (3p) 4f  1  -0.15122  0.93719 -0.31255 -0.02441  0.02095  0.00240 -0.00623  0.00498  0.00023 -0.00008  0.00172 -0.00242 -0.00293  0.00011 -0.00006
  2:11111        (3p) 4d  2   0.98567  0.12463 -0.10513  0.00040 -0.02878 -0.02793 -0.00486  0.00802 -0.00001  0.00074 -0.01166 -0.00200 -0.00534 -0.00001  0.00038
  2:11111        (1d) 2g  3  -0.00107  0.03758  0.03583  0.99847  0.00891  0.00003 -0.00091 -0.00045 -0.01498 -0.00012  0.00003 -0.00038  0.00008 -0.00676 -0.00007
  2:11111        (3p) 2f  4   0.05828  0.32346  0.94219 -0.04551 -0.04577  0.00055  0.00454  0.00488 -0.00003 -0.00501  0.00030  0.00266 -0.00183 -0.00003 -0.00269
  2:11111        (1d) 2f  5   0.03433 -0.00154  0.04652 -0.01048  0.99818  0.00003 -0.00560 -0.00616  0.00015  0.00871 -0.00018 -0.00315  0.00223  0.00008  0.00366
  4:11111        (3p) 4f  6  -0.00140  0.00772 -0.00267 -0.00014  0.00040 -0.30585  0.73506 -0.60412 -0.02350  0.02190  0.00334 -0.00529 -0.00600  0.00026 -0.00001
  4:11111        (3p) 4d  7   0.02863  0.00374 -0.00322  0.00002 -0.00133  0.94490  0.16691 -0.27650  0.00044 -0.03342 -0.02693 -0.00441 -0.01213 -0.00001  0.00056
  4:11111        (1d) 2g  8  -0.00002  0.00047  0.00037  0.01489  0.00024 -0.00290  0.04457  0.01725  0.99856  0.01112  0.00001 -0.00184  0.00063 -0.01539 -0.00009
  4:11111        (3p) 2f  9  -0.00007 -0.00209 -0.00610  0.00052  0.00888  0.10169  0.65541  0.74655 -0.04152 -0.02893  0.00087  0.00633 -0.00409  0.00009 -0.00438
  4:11111        (1d) 2f 10   0.00027  0.00154  0.00422 -0.00018 -0.00882  0.04143  0.00814  0.02561 -0.01183  0.99848  0.00049 -0.01365  0.00940  0.00016  0.00933
  5:11111        (3p) 4f 11  -0.00069  0.00396 -0.00136 -0.00009  0.00015 -0.00294  0.00613 -0.00528  0.00005  0.00138 -0.42265  0.57022  0.70362 -0.02329  0.02222
  5:11111        (3p) 4d 12   0.01365  0.00176 -0.00151  0.00001 -0.00054  0.02767  0.00500 -0.00855  0.00005 -0.00287  0.89578  0.15454  0.41398  0.00048 -0.03536
  5:11111        (1d) 2g 13  -0.00001  0.00023  0.00019  0.00700  0.00009 -0.00006  0.00042  0.00004  0.01535  0.00061 -0.00459  0.04587 -0.00728  0.99869  0.01250
  5:11111        (3p) 2f 14  -0.00004 -0.00098 -0.00282  0.00019  0.00386 -0.00024 -0.00459 -0.00555  0.00133  0.01684  0.12694  0.80527 -0.57702 -0.04037 -0.02186
  5:11111        (1d) 2f 15   0.00013  0.00081  0.00224 -0.00010 -0.00359  0.00058  0.00268  0.00291 -0.00015 -0.00925  0.04397  0.01001 -0.01364 -0.01285  0.99875
  2:11111        (3p 2.0)  1  0.84324 -0.02266  0.53346 -0.01690 -0.05399 -0.02210  0.00069  0.00731 -0.00010 -0.00214 -0.00941  0.00067 -0.00421 -0.00006 -0.00116
  2:11111        (1d 2.0)  2  0.03222  0.01043  0.05546  0.30580  0.94978  0.00004 -0.00560 -0.00598 -0.00459  0.00823 -0.00017 -0.00311  0.00214 -0.00206  0.00346
  2:11111        (3p 2.0)  3 -0.30758  0.79677  0.51755 -0.04878 -0.01275  0.00913  0.00063  0.00464  0.00012 -0.00390  0.00432  0.00093 -0.00181  0.00004 -0.00210
  2:11111        (1d 2.0)  4 -0.01187  0.03614  0.01928  0.95055 -0.30720  0.00002  0.00091  0.00152 -0.01426 -0.00287  0.00008  0.00064 -0.00063 -0.00644 -0.00122
  2:11111        (3p 1.0)  5  0.43836  0.60260 -0.66635  0.00155  0.01688 -0.01466 -0.00906  0.00616  0.00017  0.00242 -0.00564 -0.00395 -0.00441  0.00009  0.00128
  4:11111        (3p 2.0)  6  0.02258 -0.00069 -0.00499  0.00035  0.00371  0.88433  0.25583  0.38577 -0.01497 -0.04866 -0.02144  0.00173 -0.00974 -0.00004 -0.00196
  4:11111        (1d 2.0)  7  0.00025  0.00161  0.00412  0.00454 -0.00829  0.03839  0.02181  0.02975  0.30455  0.95076  0.00047 -0.01353  0.00912 -0.00472  0.00882
  4:11111        (3p 2.0)  8 -0.00832  0.00239 -0.00531  0.00029  0.00708 -0.36315  0.90044  0.23451 -0.04530  0.00136  0.00970  0.00241 -0.00365  0.00024 -0.00335
  4:11111        (1d 2.0)  9 -0.00011 -0.00004 -0.00098  0.01419  0.00302 -0.01585  0.03971  0.00827  0.95106 -0.30519 -0.00014  0.00257 -0.00237 -0.01465 -0.00304
  4:11111        (3p 1.0) 10  0.01557  0.00847 -0.00126 -0.00030 -0.00411  0.28776  0.34856 -0.89160  0.00059  0.00800 -0.01354 -0.00887 -0.00958  0.00014  0.00211
  5:11111        (3p 2.0) 11  0.01077 -0.00043 -0.00228  0.00014  0.00165  0.02223 -0.00058 -0.00799  0.00075  0.00656  0.89705  0.38045 -0.21788 -0.01437 -0.04638
  5:11111        (1d 2.0) 12  0.00012  0.00084  0.00219  0.00212 -0.00338  0.00053  0.00268  0.00278  0.00471 -0.00859  0.04026  0.02400 -0.01524  0.30362  0.95145
  5:11111        (3p 2.0) 13 -0.00399  0.00133 -0.00252  0.00008  0.00305 -0.00918 -0.00077 -0.00518  0.00099  0.01391 -0.40589  0.90882 -0.08328 -0.04433  0.00722
  5:11111        (1d 2.0) 14 -0.00005 -0.00003 -0.00053  0.00667  0.00123 -0.00024 -0.00045 -0.00088  0.01461  0.00350 -0.01826  0.04035 -0.00259  0.95150 -0.30397
  5:11111        (3p 1.0) 15  0.00741  0.00422 -0.00068 -0.00014 -0.00178  0.01399  0.00909 -0.00641 -0.00048 -0.00755  0.16650  0.16368  0.97212  0.00029  0.00422
0  eigenvalues      (j= 4.5)

                              912.678  949.330 1056.942 1095.218 1122.810 1161.535
                    1         11111    11111    11111    11111    11111    11111   
                              (3p) 4f  (1d) 2g  (3p) 4f  (1d) 2g  (3p) 4f  (1d) 2g 
  2:11111        (3p) 4f  1   0.99878 -0.04849 -0.00831  0.00045 -0.00417  0.00021
  2:11111        (1d) 2g  2   0.04849  0.99869 -0.00081 -0.01499 -0.00033 -0.00677
  4:11111        (3p) 4f  3   0.00829 -0.00029  0.99885 -0.04653 -0.00862  0.00051
  4:11111        (1d) 2g  4   0.00066  0.01489  0.04652  0.99869 -0.00114 -0.01540
  5:11111        (3p) 4f  5   0.00424 -0.00018  0.00861  0.00003  0.99889 -0.04602
  5:11111        (1d) 2g  6   0.00032  0.00700  0.00060  0.01532  0.04601  0.99880
  2:11111        (3p 2.0)  1  0.99878 -0.04849 -0.00831  0.00045 -0.00417  0.00021
  2:11111        (1d 2.0)  2  0.04849  0.99869 -0.00081 -0.01499 -0.00033 -0.00677
  4:11111        (3p 2.0)  3  0.00829 -0.00029  0.99885 -0.04653 -0.00862  0.00051
  4:11111        (1d 2.0)  4  0.00066  0.01489  0.04652  0.99869 -0.00114 -0.01540
  5:11111        (3p 2.0)  5  0.00424 -0.00018  0.00861  0.00003  0.99889 -0.04602
  5:11111        (1d 2.0)  6  0.00032  0.00700  0.00060  0.01532  0.04601  0.99880
0  eigenvalues      (j= 0.5)

                              -13.616   -1.889   36.685
                    1         11111    11111    11111   
                              (2p 0.0) (2p 0.0) (2p 1.0)
  1:11111        (2p 1.0)  1  0.39169 -0.50328  0.77025
  1:11111        (2p 0.0)  2  0.77212  0.63509  0.02233
  1:11111        (2p 1.0)  3 -0.50042  0.58598  0.63735
  1:11111        (3p) 4p  1  -0.99689 -0.07455  0.02546
  1:11111        (1p) 2p  2   0.03089 -0.07261  0.99688
  1:11111        (3p) 2p  3  -0.07247  0.99457  0.07469
0  eigenvalues      (j= 1.5)

                              -15.392   -4.874   36.520
                    1         11111    11111    11111   
                              (2p 1.0) (2p 2.0) (2p 1.0)
  1:11111        (2p 1.0)  1 -0.52856  0.29966  0.79424
  1:11111        (2p 2.0)  2  0.51214  0.85874  0.01683
  1:11111        (2p 1.0)  3  0.67700 -0.41566  0.60737
  1:11111        (3p) 4p  1   0.99227 -0.11717  0.04097
  1:11111        (1p) 2p  2  -0.04070  0.00469  0.99916
  1:11111        (3p) 2p  3   0.11727  0.99310  0.00011
0  eigenvalues      (j= 2.5)

                              -17.896
                    1         11111   
                              (2p 2.0)
  1:11111        (2p 2.0)  1  1.00000
