       2.283  0.5  1 (2p) 2p       750.068  1.5  1 (3p) 4p        92.714     92.7142   0.001   0.0004  -3.348 1.673E+08 3.15E-01
       2.283  0.5  1 (2p) 2p       751.317  0.5  1 (3p) 4p        92.869     92.8690   0.001   0.0006  -3.202 2.349E+08-9.83E-01
      -1.141  1.5  1 (2p) 2p       748.030  2.5  1 (3p) 4p        92.886     92.8860   0.001   0.0004  -3.375 1.580E+08-1.00E+00
      -1.141  1.5  1 (2p) 2p       750.068  1.5  1 (3p) 4p        93.139     93.1387   0.007   0.0048  -2.319 1.807E+09-9.79E-01
       2.283  0.5  1 (2p) 2p       759.119  1.5  1 (3p) 2p        93.836     93.8363   0.101   0.0666  -1.176 2.546E+10 7.49E-01
       2.283  0.5  1 (2p) 2p       761.570  0.5  1 (3p) 2p        94.140     94.1402   0.230   0.1517  -0.819 5.833E+10-9.33E-01
      -1.141  1.5  1 (2p) 2p       759.119  1.5  1 (3p) 2p        94.261     94.2608   0.596   0.3944  -0.404 1.520E+11-9.77E-01
      -1.141  1.5  1 (2p) 2p       761.570  0.5  1 (3p) 2p        94.565     94.5648   0.123   0.0816  -1.088 3.166E+10-9.77E-01
       2.283  0.5  1 (2p) 2p       790.345  1.5  1 (1d) 2d        97.708     97.7079   0.230   0.1578  -0.802 6.538E+10-9.99E-01
      -1.141  1.5  1 (2p) 2p       790.323  2.5  1 (1d) 2d        98.130     98.1298   0.387   0.2662  -0.575 1.112E+11-1.00E+00
      -1.141  1.5  1 (2p) 2p       790.345  1.5  1 (1d) 2d        98.133     98.1325   0.028   0.0193  -1.715 8.053E+09-4.60E-01
       2.283  0.5  1 (2p) 2p       846.132  0.5  1 (1s) 2s       104.625    104.6247   0.058   0.0425  -1.371 2.020E+10 9.98E-01
      -1.141  1.5  1 (2p) 2p       846.132  0.5  1 (1s) 2s       105.049    105.0492   0.100   0.0734  -1.134 3.515E+10-9.02E-01
       2.283  0.5  1 (2p) 2p       908.476  0.5  2 (3p) 4d       112.355    112.3544   0.000   0.0004  -3.456 1.919E+08 9.71E-02
      -1.141  1.5  1 (2p) 2p       907.692  2.5  2 (3p) 4d       112.682    112.6817   0.000   0.0002  -3.823 8.276E+07 2.35E-02
      -1.141  1.5  1 (2p) 2p       908.112  1.5  2 (3p) 4d       112.734    112.7337   0.001   0.0005  -3.276 2.920E+08 7.09E-02
      -1.141  1.5  1 (2p) 2p       908.476  0.5  2 (3p) 4d       112.779    112.7789   0.000   0.0002  -3.810 8.552E+07 8.44E-02
       2.283  0.5  1 (2p) 2p       915.602  1.5  2 (3p) 4f       113.238    113.2378   0.009   0.0068  -2.166 3.799E+09-4.18E-01
       2.283  0.5  1 (2p) 2p       916.960  1.5  2 (3p) 4p       113.406    113.4062   0.001   0.0008  -3.091 4.526E+08 6.97E-02
      -1.141  1.5  1 (2p) 2p       914.896  2.5  2 (3p) 4f       113.575    113.5750   0.016   0.0130  -1.887 7.261E+09-6.56E-01
      -1.141  1.5  1 (2p) 2p       915.602  1.5  2 (3p) 4f       113.663    113.6624   0.003   0.0027  -2.564 1.530E+09-5.76E-01
      -1.141  1.5  1 (2p) 2p       916.228  0.5  2 (3p) 4p       113.740    113.7400   0.002   0.0017  -2.777 9.381E+08 8.18E-01
      -1.141  1.5  1 (2p) 2p       916.960  1.5  2 (3p) 4p       113.831    113.8308   0.009   0.0070  -2.154 3.940E+09 6.77E-01
      -1.141  1.5  1 (2p) 2p       917.941  2.5  2 (3p) 4p       113.953    113.9524   0.079   0.0632  -1.199 3.563E+10 5.92E-01
       2.283  0.5  1 (2p) 2p       921.465  0.5  2 (3p) 2p       113.965    113.9647   0.128   0.1020  -0.992 5.745E+10-2.22E-01
       2.283  0.5  1 (2p) 2p       921.596  1.5  2 (3p) 2d       113.981    113.9810   0.456   0.3649  -0.438 2.057E+11 2.16E-01
      -1.141  1.5  1 (2p) 2p       918.269  2.5  2 (3p) 2f       113.993    113.9931   0.037   0.0293  -1.533 1.653E+10-4.85E-01
       2.283  0.5  1 (2p) 2p       924.124  1.5  2 (3p) 2p       114.295    114.2945   0.546   0.4382  -0.358 2.484E+11 4.01E-01
      -1.141  1.5  1 (2p) 2p       921.465  0.5  2 (3p) 2p       114.389    114.3893   0.080   0.0638  -1.195 3.625E+10-2.66E-01
      -1.141  1.5  1 (2p) 2p       921.596  1.5  2 (3p) 2d       114.406    114.4056   0.509   0.4085  -0.389 2.320E+11 4.13E-01
      -1.141  1.5  1 (2p) 2p       922.687  2.5  2 (3p) 2d       114.541    114.5408   1.769   1.4216   0.153 8.092E+11 5.55E-01
      -1.141  1.5  1 (2p) 2p       924.124  1.5  2 (3p) 2p       114.719    114.7191   0.092   0.0742  -1.130 4.237E+10-5.27E-02
       2.283  0.5  1 (2p) 2p       952.131  0.5  2 (1d) 2s       117.767    117.7669   0.173   0.1427  -0.845 8.589E+10-5.94E-01
       2.283  0.5  1 (2p) 2p       954.746  1.5  2 (1d) 2p       118.091    118.0911   0.239   0.1983  -0.703 1.200E+11 7.81E-01
       2.283  0.5  1 (2p) 2p       955.510  0.5  2 (1d) 2p       118.186    118.1858   0.500   0.4146  -0.382 2.513E+11-8.21E-01
      -1.141  1.5  1 (2p) 2p       952.131  0.5  2 (1d) 2s       118.192    118.1915   0.447   0.3710  -0.431 2.249E+11 8.53E-01
       2.283  0.5  1 (2p) 2p       957.203  1.5  2 (1d) 2d       118.396    118.3957   0.692   0.5746  -0.241 3.495E+11 7.23E-01
      -1.141  1.5  1 (2p) 2p       954.746  1.5  2 (1d) 2p       118.516    118.5157   1.061   0.8823  -0.054 5.377E+11-7.81E-01
      -1.141  1.5  1 (2p) 2p       955.510  0.5  2 (1d) 2p       118.611    118.6104   0.183   0.1525  -0.817 9.306E+10-5.49E-01
      -1.141  1.5  1 (2p) 2p       955.940  2.5  2 (1d) 2f       118.664    118.6637   0.109   0.0910  -1.041 5.561E+10 7.31E-01
      -1.141  1.5  1 (2p) 2p       956.640  2.5  2 (1d) 2d       118.751    118.7505   1.023   0.8520  -0.070 5.213E+11 7.42E-01
      -1.141  1.5  1 (2p) 2p       957.203  1.5  2 (1d) 2d       118.820    118.8203   0.148   0.1237  -0.908 7.578E+10 7.20E-01
       2.283  0.5  1 (2p) 2p       999.807  1.5  3 (3p) 4p       123.678    123.6780   0.002   0.0019  -2.719 1.268E+09 3.93E-01
       2.283  0.5  1 (2p) 2p      1001.345  0.5  3 (3p) 4p       123.869    123.8687   0.001   0.0009  -3.060 5.792E+08-6.02E-01
       2.283  0.5  1 (2p) 2p      1002.322  1.5  3 (3p) 2p       123.990    123.9899   0.012   0.0103  -1.986 6.887E+09 5.31E-01
      -1.141  1.5  1 (2p) 2p       999.807  1.5  3 (3p) 4p       124.103    124.1026   0.015   0.0127  -1.896 8.485E+09-6.26E-01
       2.283  0.5  1 (2p) 2p      1004.495  0.5  3 (3p) 2p       124.259    124.2592   0.031   0.0269  -1.571 1.799E+10-6.31E-01
      -1.141  1.5  1 (2p) 2p      1001.345  0.5  3 (3p) 4p       124.293    124.2933   0.000   0.0003  -3.514 2.054E+08-3.68E-01
      -1.141  1.5  1 (2p) 2p      1002.322  1.5  3 (3p) 2p       124.415    124.4145   0.067   0.0588  -1.231 3.946E+10-6.56E-01
      -1.141  1.5  1 (2p) 2p      1004.495  0.5  3 (3p) 2p       124.684    124.6838   0.016   0.0144  -1.843 9.689E+09-6.55E-01
       2.283  0.5  1 (2p) 2p      1009.832  1.5  2 (1s) 2d       124.921    124.9210   0.220   0.1927  -0.715 1.305E+11 5.19E-01
      -1.141  1.5  1 (2p) 2p      1009.681  2.5  2 (1s) 2d       125.327    125.3268   0.328   0.2883  -0.540 1.964E+11 4.94E-01
      -1.141  1.5  1 (2p) 2p      1009.832  1.5  2 (1s) 2d       125.346    125.3455   0.035   0.0305  -1.516 2.077E+10 3.64E-01
       2.283  0.5  1 (2p) 2p      1038.230  1.5  3 (1d) 2d       128.442    128.4419   0.026   0.0235  -1.629 1.682E+10-4.71E-01
      -1.141  1.5  1 (2p) 2p      1038.219  2.5  3 (1d) 2d       128.865    128.8651   0.046   0.0416  -1.381 3.000E+10-4.91E-01
      -1.141  1.5  1 (2p) 2p      1038.230  1.5  3 (1d) 2d       128.867    128.8664   0.003   0.0029  -2.541 2.072E+09-2.29E-01
       2.283  0.5  1 (2p) 2p      1055.850  1.5  4 (3p) 4d       130.627    130.6265   0.000   0.0003  -3.600 1.858E+08 3.75E-02
       2.283  0.5  1 (2p) 2p      1056.332  0.5  4 (3p) 4d       130.687    130.6863   0.002   0.0015  -2.818 1.128E+09 2.87E-01
       2.283  0.5  1 (2p) 2p      1058.561  0.5  4 (3p) 4p       130.963    130.9627   0.001   0.0013  -2.897 9.437E+08 3.14E-01
      -1.141  1.5  1 (2p) 2p      1055.437  2.5  4 (3p) 4d       131.000    130.9999   0.000   0.0003  -3.519 2.255E+08 9.16E-02
       2.283  0.5  1 (2p) 2p      1059.233  1.5  4 (3p) 4p       131.046    131.0459   0.006   0.0059  -2.230 4.385E+09 1.61E-01
      -1.141  1.5  1 (2p) 2p      1055.850  1.5  4 (3p) 4d       131.051    131.0511   0.002   0.0014  -2.844 1.066E+09 2.05E-01
      -1.141  1.5  1 (2p) 2p      1056.332  0.5  4 (3p) 4d       131.111    131.1109   0.001   0.0006  -3.226 4.432E+08 2.14E-01
       2.283  0.5  1 (2p) 2p      1060.012  1.5  4 (3p) 4f       131.143    131.1426   0.007   0.0064  -2.193 4.788E+09-6.62E-01
      -1.141  1.5  1 (2p) 2p      1058.561  0.5  4 (3p) 4p       131.387    131.3872   0.002   0.0021  -2.668 1.609E+09 7.87E-01
       2.283  0.5  1 (2p) 2p      1062.044  0.5  4 (3p) 2p       131.395    131.3945   0.080   0.0738  -1.132 5.525E+10-4.44E-01
      -1.141  1.5  1 (2p) 2p      1058.962  2.5  4 (3p) 4f       131.437    131.4369   0.050   0.0461  -1.336 3.455E+10-8.00E-01
       2.283  0.5  1 (2p) 2p      1062.483  1.5  4 (3p) 2p       131.449    131.4489   0.089   0.0824  -1.084 6.176E+10-1.50E-01
      -1.141  1.5  1 (2p) 2p      1059.233  1.5  4 (3p) 4p       131.471    131.4705   0.022   0.0207  -1.685 1.549E+10 7.24E-01
      -1.141  1.5  1 (2p) 2p      1060.434  2.5  4 (3p) 4p       131.620    131.6194   0.030   0.0280  -1.553 2.105E+10 6.83E-01
      -1.141  1.5  1 (2p) 2p      1060.847  2.5  4 (3p) 2f       131.671    131.6706   0.056   0.0517  -1.286 3.890E+10-6.71E-01
       2.283  0.5  1 (2p) 2p      1064.765  1.5  4 (3p) 2d       131.732    131.7318   0.410   0.3788  -0.422 2.852E+11 6.22E-01
      -1.141  1.5  1 (2p) 2p      1062.044  0.5  4 (3p) 2p       131.819    131.8191   0.045   0.0420  -1.377 3.168E+10-4.88E-01
      -1.141  1.5  1 (2p) 2p      1062.483  1.5  4 (3p) 2p       131.874    131.8735   0.306   0.2828  -0.549 2.134E+11-6.09E-01
      -1.141  1.5  1 (2p) 2p      1063.713  2.5  4 (3p) 2d       132.026    132.0260   0.765   0.7090  -0.149 5.362E+11 7.27E-01
      -1.141  1.5  1 (2p) 2p      1064.765  1.5  4 (3p) 2d       132.157    132.1564   0.013   0.0119  -1.926 8.980E+09-2.38E-02
       2.283  0.5  1 (2p) 2p      1092.908  0.5  3 (1s) 2s       135.221    135.2212   0.043   0.0404  -1.394 3.204E+10 7.99E-01
      -1.141  1.5  1 (2p) 2p      1092.908  0.5  3 (1s) 2s       135.646    135.6458   0.079   0.0751  -1.124 5.999E+10-7.82E-01
       2.283  0.5  1 (2p) 2p      1097.333  1.5  4 (1d) 2p       135.770    135.7697   0.066   0.0626  -1.203 5.011E+10 7.51E-01
       2.283  0.5  1 (2p) 2p      1097.648  0.5  4 (1d) 2p       135.809    135.8088   0.106   0.1009  -0.996 8.072E+10-5.63E-01
       2.283  0.5  1 (2p) 2p      1098.269  1.5  4 (1d) 2d       135.886    135.8859   0.158   0.1502  -0.823 1.204E+11 5.73E-01
       2.283  0.5  1 (2p) 2p      1098.415  0.5  4 (1d) 2s       135.904    135.9040   0.049   0.0464  -1.334 3.718E+10-4.58E-01
      -1.141  1.5  1 (2p) 2p      1097.333  1.5  4 (1d) 2p       136.195    136.1943   0.274   0.2616  -0.582 2.106E+11-7.07E-01
      -1.141  1.5  1 (2p) 2p      1097.648  0.5  4 (1d) 2p       136.234    136.2334   0.075   0.0713  -1.147 5.740E+10-6.82E-01
      -1.141  1.5  1 (2p) 2p      1097.667  2.5  4 (1d) 2f       136.236    136.2357   0.013   0.0124  -1.906 1.001E+10 3.85E-01
      -1.141  1.5  1 (2p) 2p      1098.031  2.5  4 (1d) 2d       136.281    136.2809   0.237   0.2262  -0.646 1.823E+11 5.91E-01
      -1.141  1.5  1 (2p) 2p      1098.269  1.5  4 (1d) 2d       136.311    136.3104   0.037   0.0354  -1.451 2.856E+10 5.99E-01
      -1.141  1.5  1 (2p) 2p      1098.415  0.5  4 (1d) 2s       136.329    136.3286   0.043   0.0407  -1.391 3.278E+10 2.46E-01
       2.283  0.5  1 (2p) 2p      1122.533  1.5  5 (3p) 4d       138.894    138.8942   0.000   0.0003  -3.594 2.129E+08 5.56E-02
       2.283  0.5  1 (2p) 2p      1122.951  0.5  5 (3p) 4d       138.946    138.9460   0.002   0.0018  -2.742 1.516E+09 4.52E-01
       2.283  0.5  1 (2p) 2p      1123.988  0.5  5 (3p) 4p       139.075    139.0746   0.008   0.0079  -2.101 6.652E+09 5.85E-01
       2.283  0.5  1 (2p) 2p      1124.495  1.5  5 (3p) 4p       139.138    139.1375   0.010   0.0101  -1.996 8.481E+09 1.51E-01
      -1.141  1.5  1 (2p) 2p      1122.225  2.5  5 (3p) 4d       139.281    139.2806   0.000   0.0003  -3.589 2.169E+08 1.43E-01
       2.283  0.5  1 (2p) 2p      1125.902  1.5  5 (3p) 4f       139.312    139.3119   0.014   0.0137  -1.864 1.153E+10-7.79E-01
      -1.141  1.5  1 (2p) 2p      1122.533  1.5  5 (3p) 4d       139.319    139.3187   0.002   0.0015  -2.829 1.248E+09 3.08E-01
      -1.141  1.5  1 (2p) 2p      1122.951  0.5  5 (3p) 4d       139.371    139.3705   0.001   0.0005  -3.268 4.548E+08 2.42E-01
       2.283  0.5  1 (2p) 2p      1126.398  0.5  5 (3p) 2p       139.374    139.3734   0.054   0.0525  -1.280 4.422E+10-6.89E-01
       2.283  0.5  1 (2p) 2p      1126.670  1.5  5 (3p) 2p       139.407    139.4071   0.035   0.0344  -1.464 2.899E+10-1.48E-01
      -1.141  1.5  1 (2p) 2p      1123.988  0.5  5 (3p) 4p       139.499    139.4992   0.006   0.0058  -2.238 4.884E+09 7.61E-01
      -1.141  1.5  1 (2p) 2p      1124.371  2.5  5 (3p) 4f       139.547    139.5467   0.099   0.0964  -1.016 8.149E+10-8.91E-01
      -1.141  1.5  1 (2p) 2p      1124.495  1.5  5 (3p) 4p       139.562    139.5621   0.049   0.0479  -1.320 4.046E+10 8.61E-01
       2.283  0.5  1 (2p) 2p      1128.742  1.5  5 (3p) 2d       139.664    139.6641   0.237   0.2323  -0.634 1.966E+11 7.62E-01
      -1.141  1.5  1 (2p) 2p      1125.878  2.5  5 (3p) 4p       139.734    139.7335   0.004   0.0040  -2.400 3.374E+09 7.61E-01
      -1.141  1.5  1 (2p) 2p      1125.902  1.5  5 (3p) 4f       139.737    139.7365   0.001   0.0008  -3.116 6.482E+08-1.29E-01
      -1.141  1.5  1 (2p) 2p      1126.145  2.5  5 (3p) 4f       139.767    139.7667   0.074   0.0728  -1.138 6.167E+10 7.95E-01
      -1.141  1.5  1 (2p) 2p      1126.398  0.5  5 (3p) 2p       139.798    139.7980   0.029   0.0283  -1.549 2.396E+10-7.20E-01
      -1.141  1.5  1 (2p) 2p      1126.670  1.5  5 (3p) 2p       139.832    139.8316   0.168   0.1643  -0.784 1.394E+11-8.11E-01
      -1.141  1.5  1 (2p) 2p      1127.821  2.5  5 (3p) 2d       139.975    139.9744   0.338   0.3321  -0.479 2.823E+11 8.34E-01
      -1.141  1.5  1 (2p) 2p      1128.742  1.5  5 (3p) 2d       140.089    140.0886   0.015   0.0145  -1.839 1.233E+10-5.76E-02
       2.283  0.5  1 (2p) 2p      1153.424  1.5  4 (1s) 2d       142.724    142.7242   0.110   0.1100  -0.959 9.721E+10 8.44E-01
      -1.141  1.5  1 (2p) 2p      1153.309  2.5  4 (1s) 2d       143.135    143.1346   0.171   0.1713  -0.766 1.523E+11 8.40E-01
      -1.141  1.5  1 (2p) 2p      1153.424  1.5  4 (1s) 2d       143.149    143.1488   0.019   0.0194  -1.712 1.727E+10 6.50E-01
       2.283  0.5  1 (2p) 2p      1162.317  0.5  5 (1d) 2s       143.827    143.8268   0.022   0.0224  -1.649 2.012E+10-5.51E-01
       2.283  0.5  1 (2p) 2p      1162.714  1.5  5 (1d) 2p       143.876    143.8760   0.036   0.0365  -1.438 3.278E+10 9.57E-01
       2.283  0.5  1 (2p) 2p      1162.912  0.5  5 (1d) 2p       143.901    143.9006   0.071   0.0720  -1.143 6.467E+10-9.58E-01
       2.283  0.5  1 (2p) 2p      1163.159  1.5  5 (1d) 2d       143.931    143.9313   0.074   0.0745  -1.128 6.699E+10 6.70E-01
      -1.141  1.5  1 (2p) 2p      1162.317  0.5  5 (1d) 2s       144.252    144.2514   0.063   0.0636  -1.196 5.744E+10 8.96E-01
      -1.141  1.5  1 (2p) 2p      1162.710  2.5  5 (1d) 2f       144.300    144.3002   0.001   0.0011  -2.969 9.711E+08 1.56E-01
      -1.141  1.5  1 (2p) 2p      1162.714  1.5  5 (1d) 2p       144.301    144.3006   0.135   0.1367  -0.864 1.235E+11-8.67E-01
      -1.141  1.5  1 (2p) 2p      1162.912  0.5  5 (1d) 2p       144.325    144.3252   0.023   0.0235  -1.629 2.124E+10-5.50E-01
      -1.141  1.5  1 (2p) 2p      1163.034  2.5  5 (1d) 2d       144.341    144.3403   0.118   0.1197  -0.922 1.082E+11 7.17E-01
      -1.141  1.5  1 (2p) 2p      1163.159  1.5  5 (1d) 2d       144.356    144.3558   0.022   0.0221  -1.655 2.000E+10 7.90E-01
       2.283  0.5  1 (2p) 2p      1218.859  1.5  5 (1s) 2d       150.837    150.8371   0.037   0.0392  -1.407 3.869E+10 8.62E-01
      -1.141  1.5  1 (2p) 2p      1218.815  2.5  5 (1s) 2d       151.257    151.2563   0.055   0.0589  -1.230 5.846E+10 8.35E-01
      -1.141  1.5  1 (2p) 2p      1218.859  1.5  5 (1s) 2d       151.262    151.2617   0.006   0.0065  -2.187 6.455E+09 6.37E-01
