      37.816  1.5  1 (2p) 2p      1092.512  0.5  1 (3p) 4p       130.767    130.7665   0.000   0.0001  -3.940 8.515E+07-1.15E-01
      37.816  1.5  1 (2p) 2p      1094.090  1.5  1 (3p) 4p       130.962    130.9621   0.000   0.0004  -3.411 2.891E+08-1.92E-01
      37.816  1.5  1 (2p) 2p      1106.750  0.5  1 (3p) 2p       132.532    132.5318   0.021   0.0239  -1.622 1.820E+10 4.44E-01
      37.479  0.5  1 (2p) 2p      1106.750  0.5  1 (3p) 2p       132.574    132.5736   0.055   0.0621  -1.207 4.733E+10 8.18E-01
      37.816  1.5  1 (2p) 2p      1109.736  1.5  1 (3p) 2p       132.902    132.9020   0.145   0.1648  -0.783 1.263E+11 8.06E-01
      37.479  0.5  1 (2p) 2p      1109.736  1.5  1 (3p) 2p       132.944    132.9438   0.034   0.0388  -1.411 2.973E+10-8.79E-01
      -0.255  1.5  1 (2d) 2d      1092.512  0.5  1 (3p) 4p       135.487    135.4867   0.000   0.0006  -3.258 4.401E+08 8.09E-01
       0.000  2.5  1 (2d) 2d      1094.090  1.5  1 (3p) 4p       135.651    135.6507   0.001   0.0013  -2.887 1.036E+09 7.58E-01
      -0.255  1.5  1 (2d) 2d      1094.090  1.5  1 (3p) 4p       135.683    135.6823   0.000   0.0004  -3.427 2.989E+08-6.18E-01
       0.000  2.5  1 (2d) 2d      1096.591  2.5  1 (3p) 4p       135.961    135.9608   0.001   0.0008  -3.088 6.547E+08-9.99E-01
      37.816  1.5  1 (2p) 2p      1138.823  2.5  1 (1d) 2d       136.509    136.5083   0.091   0.1060  -0.975 8.567E+10 6.66E-01
      37.816  1.5  1 (2p) 2p      1138.870  1.5  1 (1d) 2d       136.514    136.5142   0.027   0.0319  -1.497 2.577E+10 8.22E-01
      37.479  0.5  1 (2p) 2p      1138.870  1.5  1 (1d) 2d       136.556    136.5560   0.049   0.0573  -1.242 4.633E+10 6.34E-01
      -0.255  1.5  1 (2d) 2d      1106.750  0.5  1 (3p) 2p       137.252    137.2520   0.156   0.1826  -0.738 1.493E+11-9.75E-01
       0.000  2.5  1 (2d) 2d      1109.736  1.5  1 (3p) 2p       137.591    137.5906   0.271   0.3184  -0.497 2.615E+11-9.79E-01
      -0.255  1.5  1 (2d) 2d      1109.736  1.5  1 (3p) 2p       137.622    137.6222   0.012   0.0143  -1.845 1.175E+10 2.22E-01
       0.000  2.5  1 (2d) 2d      1138.823  2.5  1 (1d) 2d       141.197    141.1969   0.287   0.3461  -0.461 2.994E+11 9.99E-01
       0.000  2.5  1 (2d) 2d      1138.870  1.5  1 (1d) 2d       141.203    141.2028   0.012   0.0140  -1.852 1.215E+10 3.67E-01
      -0.255  1.5  1 (2d) 2d      1138.823  2.5  1 (1d) 2d       141.229    141.2285   0.029   0.0345  -1.462 2.987E+10-9.58E-01
      -0.255  1.5  1 (2d) 2d      1138.870  1.5  1 (1d) 2d       141.235    141.2344   0.183   0.2211  -0.655 1.914E+11 9.02E-01
     -56.300  1.5  1 (4s) 4s      1092.512  0.5  1 (3p) 4p       142.436    142.4355   0.072   0.0882  -1.055 7.762E+10-1.00E+00
     -56.300  1.5  1 (4s) 4s      1094.090  1.5  1 (3p) 4p       142.631    142.6311   0.145   0.1769  -0.752 1.562E+11-9.99E-01
     -56.300  1.5  1 (4s) 4s      1096.591  2.5  1 (3p) 4p       142.941    142.9412   0.219   0.2674  -0.573 2.371E+11-1.00E+00
      37.816  1.5  1 (2p) 2p      1197.149  0.5  1 (1s) 2s       143.740    143.7399   0.094   0.1149  -0.940 1.030E+11-9.38E-01
      37.479  0.5  1 (2p) 2p      1197.149  0.5  1 (1s) 2s       143.782    143.7817   0.051   0.0632  -1.199 5.669E+10 9.99E-01
     -56.300  1.5  1 (4s) 4s      1106.750  0.5  1 (3p) 2p       144.201    144.2008   0.000   0.0001  -3.957 9.954E+07-1.94E-01
     -56.300  1.5  1 (4s) 4s      1109.736  1.5  1 (3p) 2p       144.571    144.5710   0.000   0.0003  -3.535 2.644E+08-1.59E-01
     -56.300  1.5  1 (4s) 4s      1138.823  2.5  1 (1d) 2d       148.178    148.1773   0.000   0.0003  -3.548 2.699E+08-1.79E-01
      -0.255  1.5  1 (2d) 2d      1197.149  0.5  1 (1s) 2s       148.460    148.4601   0.000   0.0003  -3.558 2.647E+08 1.64E-01
      37.816  1.5  1 (2p) 2p      1254.423  1.5  3 (3p) 4f       150.841    150.8410   0.000   0.0002  -3.715 1.902E+08 5.47E-02
      37.479  0.5  1 (2p) 2p      1254.423  1.5  3 (3p) 4f       150.883    150.8828   0.000   0.0001  -3.922 1.181E+08-1.95E-02
      37.816  1.5  1 (2p) 2p      1260.915  1.5  3 (3p) 2p       151.646    151.6460   0.206   0.2673  -0.573 2.667E+11 3.91E-01
      37.479  0.5  1 (2p) 2p      1260.915  1.5  3 (3p) 2p       151.688    151.6878   0.052   0.0671  -1.173 6.698E+10-3.72E-01
      37.816  1.5  1 (2p) 2p      1261.834  0.5  3 (3p) 4d       151.760    151.7599   0.019   0.0244  -1.612 2.441E+10 4.51E-01
      37.479  0.5  1 (2p) 2p      1261.834  0.5  3 (3p) 4d       151.802    151.8017   0.037   0.0486  -1.313 4.861E+10 5.10E-01
      37.816  1.5  1 (2p) 2p      1263.118  2.5  3 (3p) 4d       151.919    151.9191   0.000   0.0001  -3.829 1.484E+08 1.78E-02
      37.816  1.5  1 (2p) 2p      1263.272  1.5  3 (3p) 4d       151.938    151.9382   0.050   0.0643  -1.192 6.441E+10-3.87E-01
      37.479  0.5  1 (2p) 2p      1263.272  1.5  3 (3p) 4d       151.980    151.9800   0.014   0.0186  -1.731 1.862E+10 3.81E-01
      37.816  1.5  1 (2p) 2p      1264.542  0.5  3 (3p) 2p       152.096    152.0956   0.045   0.0582  -1.235 5.838E+10 5.13E-01
      37.479  0.5  1 (2p) 2p      1264.542  0.5  3 (3p) 2p       152.138    152.1374   0.090   0.1166  -0.933 1.171E+11 5.81E-01
      37.816  1.5  1 (2p) 2p      1269.321  2.5  3 (3p) 4p       152.688    152.6881   0.001   0.0012  -2.912 1.238E+09 4.25E-02
      37.479  0.5  1 (2p) 2p      1270.484  1.5  3 (3p) 4p       152.874    152.8742   0.000   0.0002  -3.653 2.254E+08 1.18E-01
      37.816  1.5  1 (2p) 2p      1287.824  1.5  3 (3p) 2d       154.982    154.9822   0.130   0.1719  -0.765 1.791E+11-3.99E-01
      37.479  0.5  1 (2p) 2p      1287.824  1.5  3 (3p) 2d       155.024    155.0240   0.468   0.6198  -0.208 6.463E+11-4.29E-01
      37.816  1.5  1 (2p) 2p      1288.522  2.5  3 (3p) 2d       155.069    155.0688   0.730   0.9665  -0.015 1.008E+12-3.71E-01
      -0.255  1.5  1 (2d) 2d      1254.423  1.5  3 (3p) 4f       155.561    155.5612   0.001   0.0013  -2.870 1.416E+09-7.90E-01
       0.000  2.5  1 (2d) 2d      1255.246  2.5  3 (3p) 4f       155.632    155.6317   0.001   0.0013  -2.879 1.389E+09-9.43E-01
      -0.255  1.5  1 (2d) 2d      1255.246  2.5  3 (3p) 4f       155.663    155.6633   0.002   0.0023  -2.646 2.373E+09-5.10E-01
       0.000  2.5  1 (2d) 2d      1256.478  3.5  3 (3p) 4f       155.785    155.7844   0.004   0.0049  -2.306 5.208E+09-9.04E-01
       0.000  2.5  1 (2d) 2d      1260.915  1.5  3 (3p) 2p       156.335    156.3346   0.048   0.0641  -1.193 6.793E+10 7.06E-01
      -0.255  1.5  1 (2d) 2d      1260.915  1.5  3 (3p) 2p       156.366    156.3662   0.023   0.0301  -1.521 3.198E+10-7.04E-01
      -0.255  1.5  1 (2d) 2d      1261.834  0.5  3 (3p) 4d       156.480    156.4801   0.009   0.0118  -1.929 1.250E+10 5.38E-01
       0.000  2.5  1 (2d) 2d      1263.118  2.5  3 (3p) 4d       156.608    156.6077   0.000   0.0005  -3.307 5.246E+08 5.51E-02
       0.000  2.5  1 (2d) 2d      1263.272  1.5  3 (3p) 4d       156.627    156.6268   0.009   0.0116  -1.934 1.239E+10-5.05E-01
      -0.255  1.5  1 (2d) 2d      1263.118  2.5  3 (3p) 4d       156.639    156.6393   0.003   0.0045  -2.347 4.790E+09-9.46E-02
      -0.255  1.5  1 (2d) 2d      1263.272  1.5  3 (3p) 4d       156.659    156.6584   0.010   0.0129  -1.888 1.379E+10 7.45E-01
       0.000  2.5  1 (2d) 2d      1264.055  3.5  3 (3p) 4d       156.724    156.7238   0.006   0.0080  -2.096 8.553E+09-5.45E-02
      -0.255  1.5  1 (2d) 2d      1264.542  0.5  3 (3p) 2p       156.816    156.8158   0.016   0.0221  -1.656 2.357E+10 5.18E-01
       0.000  2.5  1 (2d) 2d      1269.321  2.5  3 (3p) 4p       157.377    157.3767   0.014   0.0182  -1.740 1.956E+10 1.21E-01
       0.000  2.5  1 (2d) 2d      1269.532  2.5  3 (3p) 4p       157.403    157.4029   0.023   0.0310  -1.508 3.335E+10-1.72E-01
      -0.255  1.5  1 (2d) 2d      1269.321  2.5  3 (3p) 4p       157.409    157.4083   0.238   0.3197  -0.495 3.437E+11 1.74E-01
      -0.255  1.5  1 (2d) 2d      1269.532  2.5  3 (3p) 4p       157.435    157.4345   0.242   0.3253  -0.488 3.499E+11-1.74E-01
       0.000  2.5  1 (2d) 2d      1270.484  1.5  3 (3p) 4p       157.521    157.5210   0.001   0.0009  -3.039 9.841E+08-6.80E-01
      37.816  1.5  1 (2p) 2p      1308.779  1.5  3 (1d) 2d       157.581    157.5804   0.039   0.0526  -1.279 5.664E+10-2.96E-01
      37.816  1.5  1 (2p) 2p      1308.842  2.5  3 (1d) 2d       157.588    157.5882   0.290   0.3910  -0.408 4.213E+11-5.55E-01
      -0.255  1.5  1 (2d) 2d      1271.031  0.5  3 (3p) 4p       157.621    157.6204   0.000   0.0001  -3.894 1.376E+08-3.07E-01
      37.479  0.5  1 (2p) 2p      1308.779  1.5  3 (1d) 2d       157.622    157.6222   0.338   0.4547  -0.342 4.902E+11-9.06E-01
      37.816  1.5  1 (2p) 2p      1310.107  2.5  3 (1d) 2f       157.745    157.7450   0.507   0.6830  -0.166 7.374E+11-9.08E-01
       0.000  2.5  1 (2d) 2d      1272.572  3.5  3 (3p) 2f       157.780    157.7799   0.690   0.9298  -0.032 1.004E+12 1.84E-01
      37.816  1.5  1 (2p) 2p      1317.483  0.5  3 (1d) 2p       158.660    158.6595   0.074   0.0997  -1.001 1.089E+11 4.95E-01
      37.479  0.5  1 (2p) 2p      1317.483  0.5  3 (1d) 2p       158.702    158.7014   0.207   0.2805  -0.552 3.065E+11 8.72E-01
      37.816  1.5  1 (2p) 2p      1318.256  1.5  3 (1d) 2p       158.756    158.7554   0.555   0.7528  -0.123 8.232E+11 8.55E-01
      37.479  0.5  1 (2p) 2p      1318.256  1.5  3 (1d) 2p       158.797    158.7972   0.094   0.1269  -0.897 1.389E+11-6.30E-01
      37.816  1.5  1 (2p) 2p      1322.235  0.5  3 (1d) 2s       159.249    159.2487   0.207   0.2810  -0.551 3.092E+11-7.76E-01
      37.479  0.5  1 (2p) 2p      1322.235  0.5  3 (1d) 2s       159.291    159.2905   0.084   0.1148  -0.940 1.264E+11 5.97E-01
       0.000  2.5  1 (2d) 2d      1287.824  1.5  3 (3p) 2d       159.671    159.6708   0.049   0.0666  -1.177 7.367E+10-8.66E-01
      -0.255  1.5  1 (2d) 2d      1287.824  1.5  3 (3p) 2d       159.703    159.7024   0.275   0.3753  -0.426 4.153E+11-6.31E-01
       0.000  2.5  1 (2d) 2d      1288.522  2.5  3 (3p) 2d       159.758    159.7574   0.564   0.7692  -0.114 8.518E+11-7.36E-01
      -0.255  1.5  1 (2d) 2d      1288.522  2.5  3 (3p) 2d       159.789    159.7890   0.159   0.2164  -0.665 2.397E+11 7.45E-01
       0.000  2.5  1 (2d) 2d      1303.883  3.5  3 (1d) 2g       161.662    161.6619   0.053   0.0726  -1.139 8.236E+10-9.02E-01
       0.000  2.5  1 (2d) 2d      1308.779  1.5  3 (1d) 2d       162.269    162.2690   0.064   0.0889  -1.051 1.016E+11 7.13E-01
       0.000  2.5  1 (2d) 2d      1308.842  2.5  3 (1d) 2d       162.277    162.2768   0.856   1.1871   0.074 1.356E+12 7.34E-01
       0.000  2.5  1 (2d) 2d      1308.965  3.5  3 (1d) 2f       162.292    162.2920   3.011   4.1741   0.621 4.770E+12-8.96E-01
      -0.255  1.5  1 (2d) 2d      1308.779  1.5  3 (1d) 2d       162.301    162.3006   0.542   0.7510  -0.124 8.583E+11 6.90E-01
      -0.255  1.5  1 (2d) 2d      1308.842  2.5  3 (1d) 2d       162.309    162.3084   0.684   0.9480  -0.023 1.084E+12 4.20E-01
       0.000  2.5  1 (2d) 2d      1310.107  2.5  3 (1d) 2f       162.434    162.4336   0.044   0.0616  -1.210 7.056E+10 3.81E-02
      -0.255  1.5  1 (2d) 2d      1310.107  2.5  3 (1d) 2f       162.465    162.4652   1.399   1.9411   0.288 2.223E+12-6.96E-01
     -56.300  1.5  1 (4s) 4s      1254.423  1.5  3 (3p) 4f       162.510    162.5100   0.000   0.0002  -3.658 2.517E+08 8.06E-01
     -56.300  1.5  1 (4s) 4s      1255.246  2.5  3 (3p) 4f       162.612    162.6121   0.001   0.0010  -2.996 1.157E+09 8.53E-01
     -56.300  1.5  1 (4s) 4s      1260.915  1.5  3 (3p) 2p       163.315    163.3150   0.014   0.0191  -1.719 2.212E+10 8.36E-01
      -0.255  1.5  1 (2d) 2d      1317.483  0.5  3 (1d) 2p       163.380    163.3797   0.145   0.2019  -0.695 2.338E+11-7.35E-01
     -56.300  1.5  1 (4s) 4s      1261.834  0.5  3 (3p) 4d       163.429    163.4289   0.004   0.0062  -2.210 7.143E+09 8.81E-01
       0.000  2.5  1 (2d) 2d      1318.256  1.5  3 (1d) 2p       163.444    163.4440   0.211   0.2939  -0.532 3.407E+11-6.43E-01
      -0.255  1.5  1 (2d) 2d      1318.256  1.5  3 (1d) 2p       163.476    163.4755   0.016   0.0223  -1.652 2.584E+10 1.98E-01
     -56.300  1.5  1 (4s) 4s      1263.118  2.5  3 (3p) 4d       163.588    163.5881   0.118   0.1647  -0.783 1.913E+11 9.31E-01
     -56.300  1.5  1 (4s) 4s      1263.272  1.5  3 (3p) 4d       163.607    163.6072   0.025   0.0353  -1.452 4.102E+10 7.66E-01
     -56.300  1.5  1 (4s) 4s      1264.542  0.5  3 (3p) 2p       163.765    163.7646   0.001   0.0008  -3.088 9.495E+08-3.77E-01
      -0.255  1.5  1 (2d) 2d      1322.235  0.5  3 (1d) 2s       163.969    163.9689   0.002   0.0028  -2.551 3.283E+09 6.25E-01
     -56.300  1.5  1 (4s) 4s      1269.321  2.5  3 (3p) 4p       164.357    164.3571   0.957   1.3441   0.128 1.575E+12 9.32E-01
     -56.300  1.5  1 (4s) 4s      1269.532  2.5  3 (3p) 4p       164.384    164.3833   0.861   1.2089   0.082 1.417E+12 9.35E-01
     -56.300  1.5  1 (4s) 4s      1270.484  1.5  3 (3p) 4p       164.502    164.5014   1.252   1.7600   0.246 2.066E+12 9.37E-01
     -56.300  1.5  1 (4s) 4s      1271.031  0.5  3 (3p) 4p       164.569    164.5692   0.641   0.9009  -0.045 1.059E+12 9.38E-01
      37.816  1.5  1 (2p) 2p      1366.724  2.5  3 (1s) 2d       164.765    164.7647   0.817   1.1498   0.061 1.354E+12 7.01E-01
      37.816  1.5  1 (2p) 2p      1367.190  1.5  3 (1s) 2d       164.823    164.8224   0.098   0.1385  -0.859 1.632E+11 6.33E-01
      37.479  0.5  1 (2p) 2p      1367.190  1.5  3 (1s) 2d       164.865    164.8643   0.498   0.7021  -0.154 8.279E+11 7.12E-01
     -56.300  1.5  1 (4s) 4s      1308.779  1.5  3 (1d) 2d       169.250    169.2494   0.000   0.0002  -3.775 2.087E+08 1.28E-01
     -56.300  1.5  1 (4s) 4s      1308.842  2.5  3 (1d) 2d       169.257    169.2572   0.001   0.0008  -3.111 9.618E+08 1.31E-01
     -56.300  1.5  1 (4s) 4s      1310.107  2.5  3 (1d) 2f       169.414    169.4140   0.000   0.0005  -3.272 6.661E+08 1.13E-01
       0.000  2.5  1 (2d) 2d      1366.724  2.5  3 (1s) 2d       169.454    169.4533   0.018   0.0256  -1.591 3.193E+10 4.84E-01
      -0.255  1.5  1 (2d) 2d      1366.724  2.5  3 (1s) 2d       169.485    169.4849   0.004   0.0063  -2.204 7.791E+09-1.34E-01
       0.000  2.5  1 (2d) 2d      1367.190  1.5  3 (1s) 2d       169.511    169.5110   0.001   0.0020  -2.706 2.456E+09 4.09E-01
      -0.255  1.5  1 (2d) 2d      1367.190  1.5  3 (1s) 2d       169.543    169.5426   0.008   0.0123  -1.912 1.529E+10 2.21E-01
     -56.300  1.5  1 (4s) 4s      1317.483  0.5  3 (1d) 2p       170.329    170.3285   0.000   0.0001  -3.916 1.527E+08-9.13E-02
     -56.300  1.5  1 (4s) 4s      1318.256  1.5  3 (1d) 2p       170.425    170.4244   0.000   0.0007  -3.182 8.280E+08-9.91E-02
     -56.300  1.5  1 (4s) 4s      1322.235  0.5  3 (1d) 2s       170.918    170.9177   0.000   0.0003  -3.518 3.844E+08 1.05E-01
      37.816  1.5  1 (2p) 2p      1480.209  0.5  2 (3p) 4p       178.835    178.8351   0.000   0.0001  -3.855 1.936E+08-1.98E-01
      37.479  0.5  1 (2p) 2p      1480.209  0.5  2 (3p) 4p       178.877    178.8769   0.000   0.0002  -3.694 2.811E+08-3.48E-01
      37.816  1.5  1 (2p) 2p      1481.776  1.5  2 (3p) 4p       179.030    179.0294   0.000   0.0007  -3.133 1.023E+09-4.21E-01
      37.479  0.5  1 (2p) 2p      1481.776  1.5  2 (3p) 4p       179.072    179.0712   0.000   0.0001  -3.854 1.946E+08 4.80E-01
      37.816  1.5  1 (2p) 2p      1485.519  0.5  2 (3p) 2p       179.494    179.4935   0.003   0.0047  -2.331 6.528E+09 3.82E-01
      37.479  0.5  1 (2p) 2p      1485.519  0.5  2 (3p) 2p       179.536    179.5353   0.008   0.0126  -1.901 1.756E+10 7.26E-01
      37.816  1.5  1 (2p) 2p      1488.570  1.5  2 (3p) 2p       179.872    179.8718   0.022   0.0333  -1.478 4.672E+10 7.07E-01
      37.479  0.5  1 (2p) 2p      1488.570  1.5  2 (3p) 2p       179.914    179.9136   0.005   0.0075  -2.127 1.048E+10-7.38E-01
      -0.255  1.5  1 (2d) 2d      1480.209  0.5  2 (3p) 4p       183.556    183.5553   0.001   0.0009  -3.070 1.245E+09 8.11E-01
       0.000  2.5  1 (2d) 2d      1481.776  1.5  2 (3p) 4p       183.718    183.7180   0.001   0.0016  -2.801 2.315E+09 8.08E-01
      -0.255  1.5  1 (2d) 2d      1481.776  1.5  2 (3p) 4p       183.750    183.7496   0.000   0.0002  -3.711 2.852E+08-4.43E-01
       0.000  2.5  1 (2d) 2d      1484.391  2.5  2 (3p) 4p       184.043    184.0423   0.000   0.0002  -3.805 2.304E+08-6.81E-01
      -0.255  1.5  1 (2d) 2d      1485.519  0.5  2 (3p) 2p       184.214    184.2137   0.023   0.0357  -1.447 5.262E+10-8.68E-01
      37.816  1.5  1 (2p) 2p      1523.793  2.5  2 (1d) 2d       184.239    184.2388   0.014   0.0228  -1.642 3.356E+10 4.55E-01
      37.816  1.5  1 (2p) 2p      1523.812  1.5  2 (1d) 2d       184.242    184.2413   0.004   0.0060  -2.224 8.784E+09 5.41E-01
      37.479  0.5  1 (2p) 2p      1523.812  1.5  2 (1d) 2d       184.283    184.2831   0.008   0.0125  -1.902 1.847E+10 4.47E-01
       0.000  2.5  1 (2d) 2d      1488.570  1.5  2 (3p) 2p       184.561    184.5604   0.039   0.0619  -1.208 9.153E+10-8.72E-01
      -0.255  1.5  1 (2d) 2d      1488.570  1.5  2 (3p) 2p       184.592    184.5920   0.002   0.0031  -2.507 4.604E+09 2.25E-01
      37.816  1.5  1 (2p) 2p      1540.889  1.5  4 (3p) 4f       186.359    186.3585   0.000   0.0003  -3.470 5.105E+08 6.80E-02
      37.479  0.5  1 (2p) 2p      1540.889  1.5  4 (3p) 4f       186.401    186.4003   0.001   0.0014  -2.865 2.055E+09-2.25E-01
      37.816  1.5  1 (2p) 2p      1544.057  1.5  4 (3p) 4d       186.752    186.7513   0.028   0.0439  -1.357 6.645E+10 4.58E-01
      37.816  1.5  1 (2p) 2p      1544.197  0.5  4 (3p) 4d       186.769    186.7687   0.002   0.0034  -2.465 5.191E+09 5.21E-01
      37.479  0.5  1 (2p) 2p      1544.057  1.5  4 (3p) 4d       186.793    186.7931   0.009   0.0145  -1.839 2.196E+10-5.36E-01
      37.479  0.5  1 (2p) 2p      1544.197  0.5  4 (3p) 4d       186.811    186.8105   0.005   0.0073  -2.139 1.100E+10 6.44E-01
      37.816  1.5  1 (2p) 2p      1544.927  2.5  4 (3p) 4d       186.860    186.8592   0.001   0.0018  -2.739 2.763E+09 2.02E-01
      37.816  1.5  1 (2p) 2p      1545.736  1.5  4 (3p) 2p       186.960    186.9594   0.035   0.0562  -1.250 8.519E+10 3.73E-01
      37.479  0.5  1 (2p) 2p      1545.736  1.5  4 (3p) 2p       187.002    187.0012   0.021   0.0335  -1.475 5.086E+10-5.47E-01
      37.816  1.5  1 (2p) 2p      1547.580  0.5  4 (3p) 2p       187.188    187.1881   0.015   0.0240  -1.620 3.646E+10 6.49E-01
      37.479  0.5  1 (2p) 2p      1547.580  0.5  4 (3p) 2p       187.230    187.2299   0.033   0.0522  -1.282 7.942E+10 7.97E-01
      37.816  1.5  1 (2p) 2p      1548.397  2.5  4 (3p) 4p       187.290    187.2893   0.001   0.0014  -2.864 2.082E+09 1.78E-01
      37.816  1.5  1 (2p) 2p      1549.407  2.5  4 (3p) 2f       187.415    187.4146   0.001   0.0021  -2.681 3.176E+09-5.51E-02
      37.479  0.5  1 (2p) 2p      1549.244  1.5  4 (3p) 4p       187.437    187.4363   0.000   0.0005  -3.286 7.896E+08 3.01E-01
      37.479  0.5  1 (2p) 2p      1549.669  0.5  4 (3p) 4p       187.489    187.4889   0.000   0.0001  -3.897 1.934E+08-1.62E-01
      37.816  1.5  1 (2p) 2p      1556.111  1.5  4 (3p) 2d       188.246    188.2458   0.058   0.0925  -1.034 1.423E+11-6.18E-01
      37.479  0.5  1 (2p) 2p      1556.111  1.5  4 (3p) 2d       188.288    188.2876   0.170   0.2729  -0.564 4.198E+11-6.14E-01
      37.816  1.5  1 (2p) 2p      1556.880  2.5  4 (3p) 2d       188.341    188.3412   0.307   0.4947  -0.306 7.614E+11-6.43E-01
       0.000  2.5  1 (2d) 2d      1523.793  2.5  2 (1d) 2d       188.928    188.9274   0.041   0.0655  -1.184 1.015E+11 7.58E-01
       0.000  2.5  1 (2d) 2d      1523.812  1.5  2 (1d) 2d       188.930    188.9299   0.002   0.0029  -2.544 4.429E+09 3.25E-01
      -0.255  1.5  1 (2d) 2d      1523.793  2.5  2 (1d) 2d       188.959    188.9590   0.004   0.0071  -2.149 1.098E+10-7.23E-01
      -0.255  1.5  1 (2d) 2d      1523.812  1.5  2 (1d) 2d       188.962    188.9615   0.026   0.0415  -1.382 6.428E+10 6.86E-01
     -56.300  1.5  1 (4s) 4s      1480.209  0.5  2 (3p) 4p       190.504    190.5041   0.008   0.0138  -1.861 2.169E+10-6.34E-01
     -56.300  1.5  1 (4s) 4s      1481.776  1.5  2 (3p) 4p       190.699    190.6984   0.017   0.0279  -1.555 4.400E+10-6.38E-01
     -56.300  1.5  1 (4s) 4s      1484.391  2.5  2 (3p) 4p       191.023    191.0227   0.027   0.0435  -1.362 6.881E+10-6.44E-01
      -0.255  1.5  1 (2d) 2d      1540.889  1.5  4 (3p) 4f       191.079    191.0787   0.001   0.0010  -3.003 1.573E+09-5.96E-01
       0.000  2.5  1 (2d) 2d      1541.548  2.5  4 (3p) 4f       191.129    191.1288   0.001   0.0009  -3.049 1.416E+09-8.40E-01
      -0.255  1.5  1 (2d) 2d      1541.548  2.5  4 (3p) 4f       191.161    191.1604   0.003   0.0057  -2.248 8.965E+09-7.08E-01
     -56.300  1.5  1 (4s) 4s      1485.519  0.5  2 (3p) 2p       191.163    191.1625   0.000   0.0002  -3.623 3.778E+08-3.48E-01
       0.000  2.5  1 (2d) 2d      1542.744  3.5  4 (3p) 4f       191.277    191.2771   0.006   0.0099  -2.003 1.577E+10-8.12E-01
      37.816  1.5  1 (2p) 2p      1581.817  0.5  2 (1s) 2s       191.433    191.4330   0.027   0.0438  -1.359 6.962E+10-8.58E-01
       0.000  2.5  1 (2d) 2d      1544.057  1.5  4 (3p) 4d       191.440    191.4399   0.003   0.0050  -2.299 7.984E+09 4.54E-01
      -0.255  1.5  1 (2d) 2d      1544.057  1.5  4 (3p) 4d       191.472    191.4715   0.002   0.0032  -2.496 5.074E+09-5.43E-01
      37.479  0.5  1 (2p) 2p      1581.817  0.5  2 (1s) 2s       191.475    191.4748   0.014   0.0229  -1.639 3.650E+10 8.57E-01
      -0.255  1.5  1 (2d) 2d      1544.197  0.5  4 (3p) 4d       191.489    191.4889   0.000   0.0008  -3.102 1.259E+09 3.24E-01
     -56.300  1.5  1 (4s) 4s      1488.570  1.5  2 (3p) 2p       191.541    191.5408   0.000   0.0005  -3.311 7.780E+08-2.93E-01
       0.000  2.5  1 (2d) 2d      1544.927  2.5  4 (3p) 4d       191.548    191.5478   0.001   0.0009  -3.051 1.416E+09 2.21E-01
      -0.255  1.5  1 (2d) 2d      1544.927  2.5  4 (3p) 4d       191.580    191.5794   0.001   0.0020  -2.704 3.147E+09-2.28E-01
       0.000  2.5  1 (2d) 2d      1545.736  1.5  4 (3p) 2p       191.648    191.6480   0.003   0.0046  -2.340 7.286E+09 2.40E-01
      -0.255  1.5  1 (2d) 2d      1545.736  1.5  4 (3p) 2p       191.680    191.6796   0.007   0.0118  -1.928 1.882E+10-6.19E-01
       0.000  2.5  1 (2d) 2d      1546.402  3.5  4 (3p) 4d       191.731    191.7307   0.002   0.0034  -2.471 5.386E+09-1.28E-01
      -0.255  1.5  1 (2d) 2d      1547.580  0.5  4 (3p) 2p       191.909    191.9082   0.002   0.0033  -2.478 5.312E+09 2.71E-01
      -0.255  1.5  1 (2d) 2d      1548.397  2.5  4 (3p) 4p       192.010    192.0095   0.002   0.0033  -2.483 5.255E+09 2.25E-01
      37.816  1.5  1 (2p) 2p      1586.654  2.5  4 (1d) 2f       192.033    192.0327   0.001   0.0013  -2.871 2.155E+09-4.44E-02
       0.000  2.5  1 (2d) 2d      1549.244  1.5  4 (3p) 4p       192.083    192.0831   0.000   0.0003  -3.539 4.630E+08-4.08E-01
       0.000  2.5  1 (2d) 2d      1549.407  2.5  4 (3p) 2f       192.103    192.1032   0.013   0.0218  -1.662 3.484E+10 2.10E-01
      -0.255  1.5  1 (2d) 2d      1549.407  2.5  4 (3p) 2f       192.135    192.1348   0.319   0.5235  -0.281 8.385E+11 5.36E-01
      37.816  1.5  1 (2p) 2p      1587.639  1.5  4 (1d) 2d       192.155    192.1548   0.005   0.0080  -2.095 1.288E+10-2.00E-01
      37.816  1.5  1 (2p) 2p      1587.829  2.5  4 (1d) 2d       192.179    192.1784   0.119   0.1960  -0.708 3.140E+11-8.66E-01
      37.479  0.5  1 (2p) 2p      1587.639  1.5  4 (1d) 2d       192.197    192.1966   0.047   0.0776  -1.110 1.243E+11-7.83E-01
       0.000  2.5  1 (2d) 2d      1552.314  3.5  4 (3p) 2f       192.464    192.4637   0.463   0.7604  -0.119 1.222E+12 5.79E-01
      37.816  1.5  1 (2p) 2p      1590.509  0.5  4 (1d) 2p       192.511    192.5107   0.016   0.0266  -1.575 4.275E+10 4.94E-01
      37.479  0.5  1 (2p) 2p      1590.509  0.5  4 (1d) 2p       192.553    192.5525   0.043   0.0705  -1.152 1.135E+11 8.23E-01
      37.816  1.5  1 (2p) 2p      1590.907  1.5  4 (1d) 2p       192.560    192.5600   0.121   0.1991  -0.701 3.204E+11 8.15E-01
      37.479  0.5  1 (2p) 2p      1590.907  1.5  4 (1d) 2p       192.602    192.6018   0.021   0.0353  -1.452 5.683E+10-6.32E-01
      37.816  1.5  1 (2p) 2p      1593.260  0.5  4 (1d) 2s       192.852    192.8517   0.037   0.0602  -1.220 9.717E+10-5.03E-01
      37.479  0.5  1 (2p) 2p      1593.260  0.5  4 (1d) 2s       192.894    192.8935   0.014   0.0238  -1.623 3.847E+10 3.77E-01
       0.000  2.5  1 (2d) 2d      1556.111  1.5  4 (3p) 2d       192.935    192.9344   0.010   0.0164  -1.785 2.649E+10-6.95E-01
      -0.255  1.5  1 (2d) 2d      1556.111  1.5  4 (3p) 2d       192.966    192.9660   0.046   0.0755  -1.122 1.220E+11-4.50E-01
       0.000  2.5  1 (2d) 2d      1556.880  2.5  4 (3p) 2d       193.030    193.0298   0.114   0.1887  -0.724 3.051E+11-6.67E-01
      -0.255  1.5  1 (2d) 2d      1556.880  2.5  4 (3p) 2d       193.062    193.0614   0.011   0.0179  -1.747 2.899E+10 1.51E-01
      -0.255  1.5  1 (2d) 2d      1581.817  0.5  2 (1s) 2s       196.153    196.1532   0.000   0.0001  -3.991 1.706E+08 1.48E-01
       0.000  2.5  1 (2d) 2d      1585.446  3.5  4 (1d) 2g       196.572    196.5716   0.045   0.0759  -1.120 1.273E+11-8.51E-01
       0.000  2.5  1 (2d) 2d      1586.383  3.5  4 (1d) 2f       196.688    196.6877   0.479   0.8050  -0.094 1.351E+12-8.85E-01
       0.000  2.5  1 (2d) 2d      1586.654  2.5  4 (1d) 2f       196.722    196.7213   0.062   0.1045  -0.981 1.754E+11-8.94E-01
      -0.255  1.5  1 (2d) 2d      1586.654  2.5  4 (1d) 2f       196.753    196.7529   0.346   0.5821  -0.235 9.777E+11-7.51E-01
       0.000  2.5  1 (2d) 2d      1587.639  1.5  4 (1d) 2d       196.844    196.8434   0.018   0.0295  -1.530 4.959E+10 8.99E-01
       0.000  2.5  1 (2d) 2d      1587.829  2.5  4 (1d) 2d       196.867    196.8670   0.163   0.2742  -0.562 4.612E+11 5.83E-01
      -0.255  1.5  1 (2d) 2d      1587.639  1.5  4 (1d) 2d       196.875    196.8750   0.138   0.2319  -0.635 3.900E+11 8.61E-01
      -0.255  1.5  1 (2d) 2d      1587.829  2.5  4 (1d) 2d       196.899    196.8986   0.036   0.0605  -1.218 1.018E+11-4.92E-01
      -0.255  1.5  1 (2d) 2d      1590.509  0.5  4 (1d) 2p       197.231    197.2309   0.035   0.0594  -1.226 1.003E+11-7.62E-01
       0.000  2.5  1 (2d) 2d      1590.907  1.5  4 (1d) 2p       197.249    197.2486   0.051   0.0863  -1.064 1.457E+11-6.46E-01
      -0.255  1.5  1 (2d) 2d      1590.907  1.5  4 (1d) 2p       197.280    197.2801   0.005   0.0076  -2.118 1.288E+10 2.26E-01
      -0.255  1.5  1 (2d) 2d      1593.260  0.5  4 (1d) 2s       197.572    197.5719   0.000   0.0006  -3.212 1.040E+09 4.30E-01
     -56.300  1.5  1 (4s) 4s      1540.889  1.5  4 (3p) 4f       198.028    198.0275   0.001   0.0011  -2.964 1.849E+09 8.65E-01
     -56.300  1.5  1 (4s) 4s      1541.548  2.5  4 (3p) 4f       198.110    198.1092   0.004   0.0065  -2.188 1.106E+10 9.15E-01
     -56.300  1.5  1 (4s) 4s      1544.057  1.5  4 (3p) 4d       198.421    198.4203   0.019   0.0326  -1.486 5.574E+10 9.14E-01
     -56.300  1.5  1 (4s) 4s      1544.197  0.5  4 (3p) 4d       198.438    198.4377   0.003   0.0054  -2.266 9.260E+09 9.24E-01
     -56.300  1.5  1 (4s) 4s      1544.927  2.5  4 (3p) 4d       198.529    198.5282   0.102   0.1722  -0.764 2.945E+11 9.35E-01
     -56.300  1.5  1 (4s) 4s      1545.736  1.5  4 (3p) 2p       198.629    198.6284   0.007   0.0120  -1.920 2.057E+10-6.85E-01
     -56.300  1.5  1 (4s) 4s      1548.397  2.5  4 (3p) 4p       198.959    198.9584   0.333   0.5651  -0.248 9.706E+11 9.37E-01
     -56.300  1.5  1 (4s) 4s      1549.244  1.5  4 (3p) 4p       199.064    199.0635   0.266   0.4523  -0.345 7.777E+11 9.37E-01
     -56.300  1.5  1 (4s) 4s      1549.407  2.5  4 (3p) 2f       199.084    199.0836   0.001   0.0011  -2.947 1.941E+09-9.07E-01
     -56.300  1.5  1 (4s) 4s      1549.669  0.5  4 (3p) 4p       199.116    199.1161   0.143   0.2440  -0.613 4.197E+11 9.39E-01
      37.816  1.5  1 (2p) 2p      1645.762  2.5  4 (1s) 2d       199.362    199.3612   0.166   0.2821  -0.550 4.864E+11 6.94E-01
      37.816  1.5  1 (2p) 2p      1645.896  1.5  4 (1s) 2d       199.378    199.3779   0.019   0.0325  -1.489 5.598E+10 5.90E-01
      37.479  0.5  1 (2p) 2p      1645.896  1.5  4 (1s) 2d       199.420    199.4197   0.100   0.1707  -0.768 2.946E+11 6.89E-01
     -56.300  1.5  1 (4s) 4s      1556.111  1.5  4 (3p) 2d       199.915    199.9148   0.000   0.0004  -3.394 6.995E+08 2.46E-01
     -56.300  1.5  1 (4s) 4s      1556.880  2.5  4 (3p) 2d       200.010    200.0102   0.001   0.0018  -2.737 3.181E+09 2.11E-01
      37.816  1.5  1 (2p) 2p      1670.369  1.5  5 (3p) 4f       202.412    202.4121   0.000   0.0004  -3.355 7.843E+08 6.78E-02
      37.479  0.5  1 (2p) 2p      1670.369  1.5  5 (3p) 4f       202.454    202.4540   0.002   0.0034  -2.472 6.003E+09-4.77E-01
      37.816  1.5  1 (2p) 2p      1672.488  1.5  5 (3p) 4d       202.675    202.6748   0.010   0.0177  -1.753 3.148E+10 5.09E-01
      37.816  1.5  1 (2p) 2p      1672.581  0.5  5 (3p) 4d       202.687    202.6863   0.001   0.0016  -2.789 2.899E+09 6.02E-01
      37.479  0.5  1 (2p) 2p      1672.488  1.5  5 (3p) 4d       202.717    202.7166   0.004   0.0070  -2.155 1.248E+10-6.92E-01
      37.479  0.5  1 (2p) 2p      1672.581  0.5  5 (3p) 4d       202.728    202.7281   0.002   0.0035  -2.458 6.216E+09 7.62E-01
      37.816  1.5  1 (2p) 2p      1673.038  2.5  5 (3p) 4p       202.743    202.7430   0.003   0.0054  -2.267 9.652E+09 5.01E-01
      37.816  1.5  1 (2p) 2p      1673.942  1.5  5 (3p) 2p       202.855    202.8551   0.011   0.0182  -1.739 3.254E+10 2.36E-01
      37.479  0.5  1 (2p) 2p      1673.942  1.5  5 (3p) 2p       202.897    202.8969   0.020   0.0354  -1.450 6.331E+10-7.41E-01
      37.816  1.5  1 (2p) 2p      1675.572  2.5  5 (3p) 2f       203.057    203.0571   0.004   0.0067  -2.172 1.203E+10-2.07E-01
      37.816  1.5  1 (2p) 2p      1675.862  0.5  5 (3p) 2p       203.093    203.0931   0.007   0.0114  -1.944 2.037E+10 7.45E-01
      37.816  1.5  1 (2p) 2p      1675.893  2.5  5 (3p) 4p       203.097    203.0970   0.002   0.0027  -2.573 4.786E+09 3.09E-01
      37.479  0.5  1 (2p) 2p      1675.862  0.5  5 (3p) 2p       203.135    203.1350   0.015   0.0254  -1.596 4.541E+10 9.39E-01
      37.479  0.5  1 (2p) 2p      1676.408  1.5  5 (3p) 4p       203.203    203.2027   0.000   0.0005  -3.292 9.153E+08 4.31E-01
      37.479  0.5  1 (2p) 2p      1676.701  0.5  5 (3p) 4p       203.239    203.2390   0.000   0.0002  -3.704 3.547E+08-3.08E-01
      37.816  1.5  1 (2p) 2p      1679.788  1.5  5 (3p) 2d       203.580    203.5799   0.038   0.0653  -1.185 1.175E+11-7.67E-01
      37.479  0.5  1 (2p) 2p      1679.788  1.5  5 (3p) 2d       203.622    203.6217   0.087   0.1508  -0.822 2.712E+11-6.91E-01
      37.816  1.5  1 (2p) 2p      1680.497  2.5  5 (3p) 2d       203.668    203.6678   0.171   0.2973  -0.527 5.351E+11-8.35E-01
     -56.300  1.5  1 (4s) 4s      1587.829  2.5  4 (1d) 2d       203.848    203.8474   0.000   0.0003  -3.464 6.191E+08 1.64E-01
       0.000  2.5  1 (2d) 2d      1645.762  2.5  4 (1s) 2d       204.050    204.0498   0.000   0.0006  -3.259 9.940E+08 7.99E-02
      -0.255  1.5  1 (2d) 2d      1645.762  2.5  4 (1s) 2d       204.082    204.0814   0.000   0.0007  -3.172 1.217E+09-7.33E-02
     -56.300  1.5  1 (4s) 4s      1590.907  1.5  4 (1d) 2p       204.229    204.2290   0.000   0.0003  -3.524 5.420E+08-1.41E-01
     -56.300  1.5  1 (4s) 4s      1593.260  0.5  4 (1d) 2s       204.521    204.5207   0.000   0.0001  -3.860 2.505E+08 1.31E-01
      -0.255  1.5  1 (2d) 2d      1670.369  1.5  5 (3p) 4f       207.133    207.1323   0.001   0.0011  -2.959 2.045E+09-6.04E-01
       0.000  2.5  1 (2d) 2d      1670.859  2.5  5 (3p) 4f       207.162    207.1614   0.000   0.0006  -3.222 1.116E+09-6.36E-01
      -0.255  1.5  1 (2d) 2d      1670.859  2.5  5 (3p) 4f       207.193    207.1930   0.006   0.0103  -1.988 1.914E+10-8.87E-01
       0.000  2.5  1 (2d) 2d      1672.088  3.5  5 (3p) 4f       207.314    207.3138   0.008   0.0144  -1.843 2.679E+10-8.75E-01
       0.000  2.5  1 (2d) 2d      1672.488  1.5  5 (3p) 4d       207.364    207.3634   0.001   0.0011  -2.947 2.107E+09 2.98E-01
      -0.255  1.5  1 (2d) 2d      1672.488  1.5  5 (3p) 4d       207.395    207.3950   0.001   0.0011  -2.971 1.994E+09-4.84E-01
      -0.255  1.5  1 (2d) 2d      1672.581  0.5  5 (3p) 4d       207.407    207.4065   0.000   0.0002  -3.704 3.690E+08 2.05E-01
       0.000  2.5  1 (2d) 2d      1673.038  2.5  5 (3p) 4p       207.432    207.4316   0.001   0.0017  -2.782 3.082E+09 5.78E-01
      -0.255  1.5  1 (2d) 2d      1673.038  2.5  5 (3p) 4p       207.464    207.4632   0.000   0.0007  -3.149 1.325E+09-3.09E-01
       0.000  2.5  1 (2d) 2d      1673.942  1.5  5 (3p) 2p       207.544    207.5437   0.000   0.0006  -3.243 1.069E+09 6.13E-02
      -0.255  1.5  1 (2d) 2d      1673.942  1.5  5 (3p) 2p       207.576    207.5753   0.005   0.0090  -2.045 1.686E+10-6.36E-01
       0.000  2.5  1 (2d) 2d      1675.052  3.5  5 (3p) 4d       207.682    207.6813   0.001   0.0016  -2.786 3.066E+09-1.69E-01
       0.000  2.5  1 (2d) 2d      1675.572  2.5  5 (3p) 2f       207.746    207.7457   0.004   0.0067  -2.173 1.257E+10 1.30E-01
      -0.255  1.5  1 (2d) 2d      1675.572  2.5  5 (3p) 2f       207.778    207.7773   0.174   0.3095  -0.509 5.797E+11 7.78E-01
       0.000  2.5  1 (2d) 2d      1675.893  2.5  5 (3p) 4p       207.786    207.7856   0.000   0.0003  -3.523 5.619E+08-4.93E-02
      -0.255  1.5  1 (2d) 2d      1675.862  0.5  5 (3p) 2p       207.814    207.8133   0.000   0.0007  -3.170 1.266E+09 1.37E-01
      -0.255  1.5  1 (2d) 2d      1675.893  2.5  5 (3p) 4p       207.817    207.8172   0.007   0.0119  -1.924 2.232E+10-7.85E-01
      37.816  1.5  1 (2p) 2p      1714.233  2.5  5 (1d) 2f       207.851    207.8505   0.001   0.0011  -2.974 1.988E+09-1.04E-01
      37.816  1.5  1 (2p) 2p      1714.764  1.5  5 (1d) 2d       207.917    207.9163   0.002   0.0028  -2.557 5.200E+09-1.59E-01
      37.816  1.5  1 (2p) 2p      1714.850  2.5  5 (1d) 2d       207.927    207.9271   0.042   0.0740  -1.131 1.388E+11-8.62E-01
      37.479  0.5  1 (2p) 2p      1714.764  1.5  5 (1d) 2d       207.958    207.9582   0.016   0.0281  -1.551 5.277E+10-6.59E-01
      37.816  1.5  1 (2p) 2p      1716.136  0.5  5 (1d) 2p       208.087    208.0865   0.006   0.0103  -1.987 1.934E+10 4.53E-01
       0.000  2.5  1 (2d) 2d      1678.452  3.5  5 (3p) 2f       208.103    208.1029   0.257   0.4573  -0.340 8.593E+11 8.49E-01
      37.816  1.5  1 (2p) 2p      1716.353  1.5  5 (1d) 2p       208.114    208.1135   0.051   0.0900  -1.046 1.691E+11 9.14E-01
      37.479  0.5  1 (2p) 2p      1716.136  0.5  5 (1d) 2p       208.129    208.1284   0.019   0.0332  -1.479 6.240E+10 9.48E-01
      37.479  0.5  1 (2p) 2p      1716.353  1.5  5 (1d) 2p       208.156    208.1553   0.009   0.0161  -1.794 3.022E+10-7.14E-01
      37.816  1.5  1 (2p) 2p      1717.000  0.5  5 (1d) 2s       208.194    208.1936   0.024   0.0418  -1.379 7.863E+10-9.32E-01
      37.479  0.5  1 (2p) 2p      1717.000  0.5  5 (1d) 2s       208.236    208.2355   0.009   0.0155  -1.809 2.921E+10 6.35E-01
       0.000  2.5  1 (2d) 2d      1679.788  1.5  5 (3p) 2d       208.269    208.2685   0.005   0.0081  -2.089 1.532E+10-6.62E-01
      -0.255  1.5  1 (2d) 2d      1679.788  1.5  5 (3p) 2d       208.300    208.3001   0.018   0.0322  -1.492 6.066E+10-4.22E-01
       0.000  2.5  1 (2d) 2d      1680.497  2.5  5 (3p) 2d       208.357    208.3564   0.055   0.0981  -1.008 1.848E+11-7.79E-01
      -0.255  1.5  1 (2d) 2d      1680.497  2.5  5 (3p) 2d       208.388    208.3880   0.000   0.0004  -3.424 7.096E+08 4.40E-03
       0.000  2.5  1 (2d) 2d      1713.668  3.5  5 (1d) 2g       212.469    212.4691   0.019   0.0348  -1.458 6.824E+10-6.97E-01
       0.000  2.5  1 (2d) 2d      1714.084  3.5  5 (1d) 2f       212.521    212.5208   0.175   0.3173  -0.499 6.217E+11-9.94E-01
       0.000  2.5  1 (2d) 2d      1714.233  2.5  5 (1d) 2f       212.539    212.5391   0.022   0.0399  -1.400 7.811E+10-9.89E-01
      -0.255  1.5  1 (2d) 2d      1714.233  2.5  5 (1d) 2f       212.571    212.5707   0.133   0.2418  -0.617 4.740E+11-8.59E-01
       0.000  2.5  1 (2d) 2d      1714.764  1.5  5 (1d) 2d       212.605    212.6050   0.007   0.0131  -1.883 2.570E+10 9.39E-01
       0.000  2.5  1 (2d) 2d      1714.850  2.5  5 (1d) 2d       212.616    212.6157   0.069   0.1254  -0.902 2.461E+11 6.72E-01
      -0.255  1.5  1 (2d) 2d      1714.764  1.5  5 (1d) 2d       212.637    212.6365   0.056   0.1018  -0.992 1.996E+11 8.97E-01
      -0.255  1.5  1 (2d) 2d      1714.850  2.5  5 (1d) 2d       212.648    212.6473   0.013   0.0231  -1.637 4.525E+10-5.40E-01
       0.000  2.5  1 (2d) 2d      1716.353  1.5  5 (1d) 2p       212.802    212.8021   0.022   0.0395  -1.404 7.752E+10-7.10E-01
      -0.255  1.5  1 (2d) 2d      1716.136  0.5  5 (1d) 2p       212.807    212.8067   0.015   0.0268  -1.572 5.268E+10-8.37E-01
      -0.255  1.5  1 (2d) 2d      1716.353  1.5  5 (1d) 2p       212.834    212.8337   0.002   0.0036  -2.447 7.022E+09 2.54E-01
      -0.255  1.5  1 (2d) 2d      1717.000  0.5  5 (1d) 2s       212.914    212.9138   0.000   0.0005  -3.264 1.072E+09 7.16E-01
     -56.300  1.5  1 (4s) 4s      1670.369  1.5  5 (3p) 4f       214.081    214.0812   0.001   0.0022  -2.653 4.423E+09 9.17E-01
     -56.300  1.5  1 (4s) 4s      1670.859  2.5  5 (3p) 4f       214.142    214.1419   0.009   0.0157  -1.804 3.125E+10 9.78E-01
     -56.300  1.5  1 (4s) 4s      1672.488  1.5  5 (3p) 4d       214.344    214.3438   0.014   0.0249  -1.603 4.972E+10 9.65E-01
     -56.300  1.5  1 (4s) 4s      1672.581  0.5  5 (3p) 4d       214.356    214.3553   0.002   0.0043  -2.363 8.649E+09 9.71E-01
     -56.300  1.5  1 (4s) 4s      1673.038  2.5  5 (3p) 4p       214.412    214.4121   0.072   0.1323  -0.878 2.639E+11 9.78E-01
     -56.300  1.5  1 (4s) 4s      1673.942  1.5  5 (3p) 2p       214.524    214.5241   0.006   0.0112  -1.951 2.234E+10-7.81E-01
     -56.300  1.5  1 (4s) 4s      1675.572  2.5  5 (3p) 2f       214.726    214.7261   0.007   0.0135  -1.870 2.698E+10 8.36E-01
     -56.300  1.5  1 (4s) 4s      1675.893  2.5  5 (3p) 4p       214.766    214.7660   0.087   0.1601  -0.796 3.204E+11 9.79E-01
     -56.300  1.5  1 (4s) 4s      1676.408  1.5  5 (3p) 4p       214.830    214.8299   0.096   0.1769  -0.752 3.543E+11 9.78E-01
     -56.300  1.5  1 (4s) 4s      1676.701  0.5  5 (3p) 4p       214.867    214.8662   0.057   0.1038  -0.984 2.079E+11 9.76E-01
      37.816  1.5  1 (2p) 2p      1773.436  2.5  5 (1s) 2d       215.191    215.1909   0.074   0.1365  -0.865 2.742E+11 9.14E-01
      37.816  1.5  1 (2p) 2p      1773.513  1.5  5 (1s) 2d       215.201    215.2004   0.009   0.0159  -1.799 3.192E+10 8.03E-01
      37.479  0.5  1 (2p) 2p      1773.513  1.5  5 (1s) 2d       215.243    215.2422   0.046   0.0839  -1.076 1.687E+11 9.21E-01
     -56.300  1.5  1 (4s) 4s      1679.788  1.5  5 (3p) 2d       215.249    215.2489   0.001   0.0010  -2.992 2.047E+09 4.42E-01
     -56.300  1.5  1 (4s) 4s      1680.497  2.5  5 (3p) 2d       215.337    215.3368   0.002   0.0029  -2.542 5.775E+09 3.63E-01
     -56.300  1.5  1 (4s) 4s      1714.850  2.5  5 (1d) 2d       219.596    219.5961   0.000   0.0001  -3.840 3.027E+08 1.77E-01
     -56.300  1.5  1 (4s) 4s      1716.353  1.5  5 (1d) 2p       219.783    219.7825   0.000   0.0001  -3.861 2.886E+08-1.50E-01
       0.000  2.5  1 (2d) 2d      1773.436  2.5  5 (1s) 2d       219.880    219.8795   0.000   0.0008  -3.119 1.595E+09 8.10E-01
      -0.255  1.5  1 (2d) 2d      1773.436  2.5  5 (1s) 2d       219.911    219.9111   0.000   0.0005  -3.279 1.104E+09-1.87E-01
      -0.255  1.5  1 (2d) 2d      1773.513  1.5  5 (1s) 2d       219.921    219.9206   0.000   0.0003  -3.589 5.407E+08 1.56E-01
