    3   72
   s   0   1   1           1   1
1s
1s    -1  1 1.0
   s   1   1   1           1   1
1s
2s    -1  1 1.0
   s   2   1   1           1   1
2s
1s    -1  1 1.0
   p   0   1   1           1   1
1s
1s    -1  1 1.0
   p   1   1   1           1   1
1s
2p    -1  1 1.0
   p   2   3   1           3   1
2p
1s    -1  1 1.0000000000  0  .0000000000  0  .0000000000  0  .0000000000 p 2   1
1d    -1  1 1.0000000000  0  .0000000000  0  .0000000000  0  .0000000000 p 2   2
3p    -1  1 1.0000000000  0  .0000000000  0  .0000000000  0  .0000000000 p 2   3
   p   3   3   3           3   3
1s  1d  3p
2p    -1  1  .4714045208  2 -.5270462767  3 -.7071067812  0  .0000000000 p 3   1
2d    -1  2 -.7071067812  3  .7071067812  0  .0000000000  0  .0000000000 p 3   2
4s    -1  3 1.0000000000  0  .0000000000  0  .0000000000  0  .0000000000 p 3   3
   p   4   3   3           3   3
2p  2d  4s
1s    -1  1 1.0000000000  0  .0000000000  0  .0000000000  0  .0000000000 p 4   1
1d    -1  1 -.5000000000  2 -.8660254038  0  .0000000000  0  .0000000000 p 4   2
3p    -1  1 -.5000000000  2  .6454972244  3 -.5773502692  0  .0000000000 p 4   3
   p   5   1   3           1   3
1s  1d  3p
2p    -1  1  .2581988897  2  .5773502692  3  .7745966692  0  .0000000000 p 5   1
   p   6   1   1           1   1
2p
1s    -1  1 1.0
   d   0   1   1           1   1
1s
1s    -1  1 1.0
   d   1   1   1           1   1
1s
2d    -1  1 1.0
   d   2   5   1           5   1
2d
1s    -1  1 1.0000000000  0  .0000000000  0  .0000000000  0  .0000000000 d 2   1
1d    -1  1 1.0000000000  0  .0000000000  0  .0000000000  0  .0000000000 d 2   2
1g    -1  1 1.0000000000  0  .0000000000  0  .0000000000  0  .0000000000 d 2   3
3p    -1  1 1.0000000000  0  .0000000000  0  .0000000000  0  .0000000000 d 2   4
3f    -1  1 1.0000000000  0  .0000000000  0  .0000000000  0  .0000000000 d 2   5
   d   3   8   5           8   5
1d  3p  3f  1s  1g
2p    -1  1  .7071067812  2  .4830458915  3 -.5163977795  0  .0000000000 d 3   1
2d1    1  1 -.2886751346  2 -.3872983346  3 -.5916079783  4  .5163977795 d 3   2
2d1   -2  5 -.3872983346  0  .0000000000  0  .0000000000  0  .0000000000 d 3   2
2d2   -1  1  .5669467095  2 -.5916079783  3  .3872983346  5 -.4225771274 d 3   3
2f    -1  1 -.3779644730  2  .6324555320  3  .3162277660  5 -.5976143047 d 3   4
2g    -1  1 -.4879500365  3  .7071067812  5  .5117663157  0  .0000000000 d 3   5
2h    -1  3 -.7071067812  5  .7071067812  0  .0000000000  0  .0000000000 d 3   6
4p    -1  2 -.7302967433  3 -.6831300511  0  .0000000000  0  .0000000000 d 3   7
4f    -1  2 -.4472135955  3  .8944271910  0  .0000000000  0  .0000000000 d 3   8
   d   4  16   8          16   8
2d1 2d2 2p  2f  2g  2h  4p  4f
1s1   -1  1 1.0000000000  0  .0000000000  0  .0000000000  0  .0000000000 d 4   1
1s2   -1  2 1.0000000000  0  .0000000000  0  .0000000000  0  .0000000000 d 4   2
1d1    1  1  .6123724357  2  .4008918629  3 -.3872983346  4  .3162277660 d 4   3
1d1   -2  5 -.4629100499  0  .0000000000  0  .0000000000  0  .0000000000 d 4   3
1d2   -1  2  .3779644730  3  .5477225575  4  .6708203932  5  .3273268354 d 4   4
1f     1  2  .5976143047  3  .4629100499  4 -.4330127019  5 -.0731925055 d 4   5
1f    -2  6 -.4855041562  0  .0000000000  0  .0000000000  0  .0000000000 d 4   5
1g1    1  1  .6123724357  2 -.2227177016  4  .3726779962  5  .3618734322 d 4   6
1g1   -2  6 -.5527707984  0  .0000000000  0  .0000000000  0  .0000000000 d 4   6
1g2   -1  2  .2954684201  4  .6180165406  5 -.7092081433  6 -.1666666667 d 4   7
1i    -1  5  .5477225575  6  .8366600265  0  .0000000000  0  .0000000000 d 4   8
3p1    1  1  .6123724357  2 -.3118047822  3 -.1972026594  4 -.3944053189 d 4   9
3p1   -2  7 -.4216370214  8 -.3944053189  0  .0000000000  0  .0000000000 d 4   9
3p2    1  2  .3333333333  3  .5270462767  4 -.5270462767  7 -.3944053189 d 4  10
3p2   -2  8  .4216370214  0  .0000000000  0  .0000000000  0  .0000000000 d 4  10
3d     1  2  .5345224838  3 -.2581988897  4 -.3162277660  5  .4629100499 d 4  11
3d    -2  7  .4830458915  8 -.3162277660  0  .0000000000  0  .0000000000 d 4  11
3f1    1  1  .6123724357  2  .1336306210  3  .1380131119  4 -.1290994449 d 4  12
3f1   -2  5  .3273268354  6  .3618734322  7 -.2581988897  8  .5163977795 d 4  12
3f2    1  2  .2672612419  3 -.3450327797  4 -.3227486122  5 -.4909902530 d 4  13
3f2   -2  6  .3618734322  7 -.5163977795  8 -.2581988897  0  .0000000000 d 4  13
3g     1  2  .3450327797  4  .4330127019  5  .4204589329  6  .4281744193 d 4  14
3g    -2  8 -.5773502692  0  .0000000000  0  .0000000000  0  .0000000000 d 4  14
3h    -1  4  .2886751346  5 -.3872983346  6  .6582805886  8  .5773502692 d 4  15
5d    -1  7  .5477225575  8  .8366600265  0  .0000000000  0  .0000000000 d 4  16
   d   5  16  16          16  16
1d2 3d  1d1 1f  3p1 3p2 3f1 3f2 1s1 1g1 1s2 1g2 3g  3h  1i  5d
2s    -1  1 -.6324555320  2  .7745966692  0  .0000000000  0  .0000000000 d 5   1
2p     1  1  .3162277660  2  .2581988897  3  .4472135955  4 -.3162277660 d 5   2
2p    -2  5  .3055050463  6  .4082482905  7 -.3265986324  8 -.4082482905 d 5   2
2d1    1  3 -.3162277660  5 -.4242640687  7 -.6480740698  9  .3464101615 d 5   3
2d1   -2 10 -.4242640687  0  .0000000000  0  .0000000000  0  .0000000000 d 5   3
2d2    1  1 -.1690308509  2  .4140393356  3  .3585685828  4  .3162277660 d 5   4
2d2    2  5 -.3741657387  6 -.2000000000  7  .2449489743  8 -.2449489743 d 5   4
2d2   -3 10 -.2672612419 11 -.2000000000 12 -.1772810521 13  .3585685828 d 5   4
2d3    1  1  .3585685828  2  .2927700219  4  .2236067977  6  .4242640687 d 5   5
2d3   -2  8  .5196152423 11 -.2828427125 12  .3760699023 13  .2535462764 d 5   5
2f1    1  1  .2535462764  2  .2070196678  3 -.2390457219  4  .1936491673 d 5   6
2f1    2  5  .4000000000  6 -.2672612419  7  .2000000000  8 -.2500000000 d 5   6
2f1   -3 10 -.3779644730 12  .3133915853 13 -.3803194146 14  .2803059553 d 5   6
2f2    1  1 -.1889822365  2  .4629100499  4 -.4330127019  6  .3585685828 d 5   7
2f2   -2  8 -.3354101966 12  .4204589329 13 -.0566946710 14 -.3760699023 d 5   7
2g1    1  1 -.1091089451  2  .2672612419  3 -.3086066999  4 -.0288675135 d 5   8
2g1    2  7  .4472135955  8  .3354101966 10  .3236694375 12  .3171675237 d 5   8
2g1   -3 13  .3256860890 14  .3316624790 15 -.2943920289  0  .0000000000 d 5   8
2g2    1  1  .2803059553  2  .2288688541  4 -.3708099244  8  .4787135539 d 5   9
2g2   -2 12 -.2564112970 13 -.5493502656 14 -.1290994449 15 -.3437758255 d 5   9
2h     1  4  .1732050808  7 -.4472135955  8  .2236067977 10  .4472135955 d 5  10
2h    -2 12 -.0674199862 13 -.3000000000 14  .5099019514 15  .4067610422 d 5  10
2i    -1 12 -.2860387768 13  .4242640687 14  .6480740698 15 -.5640760748 d 5  11
4p     1  2  .3415650255  5 -.4618802154  6  .2160246899  7 -.4320493799 d 5  12
4p    -2  8  .4320493799 16 -.5000000000  0  .0000000000  0  .0000000000 d 5  12
4d     1  2 -.4391550328  6  .4242640687  8 -.3464101615 13  .5070925528 d 5  13
4d    -2 16 -.5000000000  0  .0000000000  0  .0000000000  0  .0000000000 d 5  13
4f     1  2 -.1463850109  5 -.2828427125  6 -.1511857892  7  .5656854249 d 5  14
4f    -2  8  .1414213562 13 -.3585685828 14 -.3964124836 16 -.5000000000 d 5  14
4g     1  2  .2439750182  8 -.4082482905 13 -.3964124836 14  .6055300708 d 5  15
4g    -2 16 -.5000000000  0  .0000000000  0  .0000000000  0  .0000000000 d 5  15
6s    -1 16 1.0000000000  0  .0000000000  0  .0000000000  0  .0000000000 d 5  16
   d   6  16  16          16  16
2s  2p  2d1 2d2 2d3 2f1 2f2 2g1 2g2 2h  2i  4p  4d  4f  4g  6s
1d2    1  1 -.3651483717  2  .3162277660  4  .2182178902  5  .4629100499 d 6   1
1d2   -2  6  .3872983346  7  .2886751346  8  .1889822365  9  .4855041562 d 6   1
3d     1  1 -.2581988897  2 -.1490711985  4  .3086066999  5 -.2182178902 d 6   2
3d     2  6 -.1825741858  7  .4082482905  8  .2672612419  9 -.2288688541 d 6   2
3d    -3 12  .2788866755 13 -.4629100499 14 -.1825741858 15  .3450327797 d 6   2
1d1    1  2  .4472135955  3 -.4082482905  4 -.4629100499  6 -.3651483717 d 6   3
1d1   -2  8  .5345224838  0  .0000000000  0  .0000000000  0  .0000000000 d 6   3
1f     1  2  .2672612419  4  .3450327797  5 -.2439750182  6 -.2500000000 d 6   4
1f    -2  7 -.5590169944  8 -.0422577127  9  .5428101483 10 -.2803059553 d 6   4
3p1    1  2  .2277100170  3 -.4082482905  4  .3600411499  6  .4554200340 d 6   5
3p1   -2 12  .4868644956 14  .4554200340  0  .0000000000  0  .0000000000 d 6   5
3p2    1  2  .3042903097  4  .1924500897  5  .4082482905  6 -.3042903097 d 6   6
3p2   -2  7 -.4082482905 12 -.2277100170 13 -.5773502692 14  .2434322478 d 6   6
3f1    1  2 -.1593638146  3 -.4082482905  4 -.1543033500  6  .1490711985 d 6   7
3f1   -2  8 -.3779644730 10 -.4178554470 12  .2981423970 14 -.5962847940 d 6   7
3f2    1  2 -.1992047682  4  .1543033500  5  .3273268354  6 -.1863389981 d 6   8
3f2    2  7  .2500000000  8 -.2834733548  9  .4045867969 10  .2089277235 d 6   8
3f2   -3 12 -.2981423970 13  .3086066999 14 -.1490711985 15  .4879500365 d 6   8
1s1   -1  3 1.0000000000  0  .0000000000  0  .0000000000  0  .0000000000 d 6   9
1g1    1  3 -.4082482905  4  .2571722499  6 -.4303314829  8 -.4178554470 d 6  10
1g1   -2 10  .6382847385  0  .0000000000  0  .0000000000  0  .0000000000 d 6  10
1s2   -1  4  .5773502692  5 -.8164965809  0  .0000000000  0  .0000000000 d 6  11
1g2    1  4  .1705887719  5  .3618734322  6  .3568120161  7 -.4787135539 d 6  12
1g2   -2  8 -.4094615124  9 -.3310255611 10 -.0962250449 11 -.4438126823 d 6  12
3g     1  4  .1992047682  5 -.1408590425  6  .2500000000  7 -.0372677996 d 6  13
3g     2  8  .2427520781  9  .4094615124 10  .2472066162 11 -.3800584750 d 6  13
3g    -3 13  .3984095364 14 -.3333333333 15 -.4178554470  0  .0000000000 d 6  13
3h     1  6  .1666666667  7  .2236067977  8 -.2236067977  9 -.0870388280 d 6  14
3h    -2 10  .3800584750 11  .5251262474 14  .3333333333 15 -.5773502692 d 6  14
1i    -1  8  .3162277660  9 -.3692744729 10  .4830458915 11 -.7282190813 d 6  15
5d     1 12  .3162277660 13  .4082482905 14  .4830458915 15  .5477225575 d 6  16
5d    -2 16  .4472135955  0  .0000000000  0  .0000000000  0  .0000000000 d 6  16
   d   7   8  16           8  16
1s1 1s2 1d1 1d2 1f  1g1 1g2 1i  3p1 3p2 3d  3f1 3f2 3g  3h  5d
2d1    1  1  .2390457219  3  .3273268354  6  .4391550328  9  .4391550328 d 7   1
2d1   -2 12  .6708203932  0  .0000000000  0  .0000000000  0  .0000000000 d 7   1
2d2    1  2  .2390457219  3  .2142857143  4  .2020305089  5 -.3779644730 d 7   2
2d2    2  6 -.1597191412  7  .2118913853  9 -.2236067977 10  .2390457219 d 7   2
2d2   -3 11 -.4948716593 12  .1463850109 13  .2927700219 14 -.4285714286 d 7   2
2p     1  3  .2672612419  4 -.3779644730  5  .3779644730  9  .1825741858 d 7   3
2p    -2 10 -.4879500365 11 -.3086066999 12 -.1951800146 13  .4879500365 d 7   3
2f     1  3 -.1428571429  4 -.3030457634  5 -.2314550249  6 -.2258769757 d 7   4
2f     2  7 -.3745745886  9  .2390457219 10  .3194382825 11 -.2474358297 d 7   4
2f    -3 12  .1195228609 13  .2988071523 14  .4545686450 15 -.3350296971 d 7   4
2g     1  3 -.1844277784  4  .1304101327  5  .0345032780  6  .1934294858 d 7   5
2g     2  7 -.3790876983  8  .3518657753 11 -.3194382825 12  .2672612419 d 7   5
2g    -3 13 -.4008918629 14 -.3892693312 15 -.3964124836  0  .0000000000 d 7   5
2h     1  5 -.2070196678  6  .2672612419  7  .0805822964  8 -.4861724348 d 7   6
2h    -2 12 -.2672612419 13 -.2672612419 14  .3585685828 15 -.6094494002 d 7   6
4p     1  9 -.2760262237 10 -.2581988897 11 -.4082482905 12 -.2581988897 d 7   7
4p    -2 13 -.5163977795 16  .5976143047  0  .0000000000  0  .0000000000 d 7   7
4f     1  9 -.1690308509 10  .1807015806 11  .1749635531 12  .3380617019 d 7   8
4f    -2 13 -.1690308509 14  .4285714286 15  .4738035415 16  .5976143047 d 7   8
   d   8   5   8           5   8
2p  2d1 2d2 2f  2g  2h  4p  4f
1d     1  1 -.4743416490  2 -.2500000000  3  .4909902530  4  .3872983346 d 8   1
1d    -2  5 -.5669467095  0  .0000000000  0  .0000000000  0  .0000000000 d 8   1
3p     1  1 -.2415229458  2 -.2500000000  3 -.3818813079  4 -.4830458915 d 8   2
3p    -2  7 -.5163977795  8 -.4830458915  0  .0000000000  0  .0000000000 d 8   2
3f     1  1  .1690308509  2 -.2500000000  3  .1636634177  4 -.1581138830 d 8   3
3f    -2  5  .4008918629  6  .4432026302  7 -.3162277660  8  .6324555320 d 8   3
1s    -1  2 1.0000000000  0  .0000000000  0  .0000000000  0  .0000000000 d 8   4
1g     1  2 -.2500000000  3 -.2727723628  4  .4564354646  5  .4432026302 d 8   5
1g    -2  6 -.6770032004  0  .0000000000  0  .0000000000  0  .0000000000 d 8   5
   d   9   1   5           1   5
1s  1d  1g  3p  3f
2d     1  1  .1490711985  2  .3333333333  3  .4472135955  4  .4472135955 d 9   1
2d    -2  5  .6831300511  0  .0000000000  0  .0000000000  0  .0000000000 d 9   1
   d  10   1   1           1   1
2d
1s    -1  1 1.0
   f   0   1   1           1   1
1s
1s    -1  1 1.0
   f   1   1   1           1   1
1s
2f    -1  1 1.0
   f   2   7   1       0    3h  3f  1g
2f
3h    -1  1 1.0000000000  0  .0000000000  0  .0000000000  0  .0000000000 f 2   7
1g    -1  1 1.0000000000  0  .0000000000  0  .0000000000  0  .0000000000 f 2   3
1s    -1  1 1.0000000000  0  .0000000000  0  .0000000000  0  .0000000000 f 2   1
3p    -1  1 1.0000000000  0  .0000000000  0  .0000000000  0  .0000000000 f 2   5
3f    -1  1 1.0000000000  0  .0000000000  0  .0000000000  0  .0000000000 f 2   6
1d    -1  1 1.0000000000  0  .0000000000  0  .0000000000  0  .0000000000 f 2   2
1i    -1  1 1.0000000000  0  .0000000000  0  .0000000000  0  .0000000000 f 2   4
   f   3  17   7       0    4i  4f  2h2 4s  4g  2g1 2g2
1d  1g  3f  3p  3h  1s  1i
4i    -1  3 -.4714045208  5  .8819171037  0  .0000000000  0  .0000000000 f 3  17
2h1   -1  1  .2300218531  2  .3750901767  3 -.7071067812  7 -.5535316670 f 3   8
2h2   -1  1  .4906533815  2 -.4923659639  5 -.7071067812  7 -.1297498240 f 3   9
2f1    1  1 -.1992047682  2 -.2672612419  3 -.4082482905  4 -.2672612419 f 3   4
2f1   -2  5 -.5117663157  6  .5345224838  7 -.3212080372  0  .0000000000 f 3   4
2f2    1  1 -.4671765922  2 -.2279211529  4  .6267831705  5 -.3273268354 f 3   5
2f2   -2  7  .4793724854  0  .0000000000  0  .0000000000  0  .0000000000 f 3   5
4s    -1  3 1.0000000000  0  .0000000000  0  .0000000000  0  .0000000000 f 3  13
4f    -1  3 -.8164965809  4  .2672612419  5  .5117663157  0  .0000000000 f 3  15
4g    -1  3 -.4714045208  4  .5117663157  5 -.7182430061  0  .0000000000 f 3  16
2k    -1  2  .4923659639  5 -.7071067812  7 -.5075192189  0  .0000000000 f 3  11
2d1    1  1 -.4040610178  2  .5802884575  3 -.6236095645  4  .2474358297 f 3   2
2d1   -2  5  .2233531314  0  .0000000000  0  .0000000000  0  .0000000000 f 3   2
2g1    1  1  .4325214792  2 -.3405223533  3 -.6236095645  4 -.1934294858 f 3   6
2g1   -2  5  .2714703393  7  .4438126823  0  .0000000000  0  .0000000000 f 3   6
2p    -1  1  .4879500365  2 -.5117663157  3 -.7071067812  0  .0000000000 f 3   1
2g2    1  1  .0858464589  2  .5947617141  4 -.5758755534  5 -.4103259033 f 3   7
2g2   -2  7  .3726779962  0  .0000000000  0  .0000000000  0  .0000000000 f 3   7
4d    -1  3 -.4714045208  4 -.6546536707  5 -.5909368403  0  .0000000000 f 3  14
2l    -1  5 -.7071067812  7  .7071067812  0  .0000000000  0  .0000000000 f 3  12
2i    -1  2  .3692744729  3 -.6236095645  5 -.3333333333  7  .6030226892 f 3  10
2d2   -1  1  .5802884575  2  .4040610178  4  .4738035415  5 -.5248906592 f 3   3
   f   4  47  17       0    5i  3g2 5f  5s  3h4 3d1 3d2 3k2
2f1 2f2 2p  2d1 2d2 2g1 2g2 2h1 2h2 2i  2k  2l  4d  4f  4g  4s  4i
1s1   -1  1 1.0000000000  0  .0000000000  0  .0000000000  0  .0000000000 f 4   1
1s2   -1  2 1.0000000000  0  .0000000000  0  .0000000000  0  .0000000000 f 4   2
1d1    1  1  .6454972244  2 -.3027650354  3  .2070196678  4  .2213133341 f 4   3
1d1    2  5 -.3178370780  6 -.3178370780  7 -.0630840062  8  .1868706369 f 4   3
1d1   -3  9  .3986086914  0  .0000000000  0  .0000000000  0  .0000000000 f 4   3
1d2    1  2  .0495515604  3 -.5421047417  4  .3863562307  5  .0520183025 f 4   4
1d2   -2  6 -.5548618928  7  .0103245441  8 -.4893421935  9 -.0652376608 f 4   4
1d3    1  2  .3779644730  3  .2369017707  4  .5698319531  5  .1653250178 f 4   5
1d3   -2  6  .3967800428  7 -.2887592842  8 -.2624453296  9  .3732100136 f 4   5
1d4   -1  2  .5519850541  5 -.4506939094  7  .6812213297  9  .1677050983 f 4   6
1f     1  2  .3535533906  3  .3133915853  4 -.4587583064  5 -.3194382825 f 4   7
1f    -2  6 -.2238141291  7 -.4072055090  8 -.1636634177 10  .4707344358 f 4   7
1g1    1  1  .6454972244  2 -.1100963765  3 -.1618347187  4 -.2369017707 f 4   8
1g1    2  5 -.1649572198  6  .1865117742  7 -.3257644072  8  .2271283813 f 4   8
1g1   -3  9 -.2981423970 10 -.2430862174 11  .3481553119  0  .0000000000 f 4   8
1g2    1  2  .0180187493  3  .4237827707  4 -.4135696368  5  .0269974624 f 4   9
1g2    2  6  .3256016470  7  .0533157162  8 -.5947617141  9  .0487950036 f 4   9
1g2   -3 10 -.4243660921 11 -.0569802882  0  .0000000000  0  .0000000000 f 4   9
1g3    1  2  .3591215031  3 -.2879377767  4  .0842995492  5 -.2152284629 f 4  10
1g3    2  6  .5840444090  7  .3759988317  8 -.2051629517  9 -.1795395005 f 4  10
1g3   -3 10  .3659625274 11  .2096569673  0  .0000000000  0  .0000000000 f 4  10
1g4    1  2  .2864798546  5  .6009252126  7 -.0912870929  9 -.6803091303 f 4  11
1g4   -2 11 -.2926847035  0  .0000000000  0  .0000000000  0  .0000000000 f 4  11
1h1    1  4  .4818120558  5 -.2516181399  6 -.4834937784  7  .1623995886 f 4  12
1h1    2  8 -.3535533906  9 -.2817722563 10 -.1274117979 11  .4258153136 f 4  12
1h1   -3 12  .2060522809  0  .0000000000  0  .0000000000  0  .0000000000 f 4  12
1h2    1  2 -.6306562239  5  .3988620176  7  .4183300133  9 -.1463850109 f 4  13
1h2   -2 11  .1994310088 12 -.4549511177  0  .0000000000  0  .0000000000 f 4  13
1i1    1  1  .6454972244  2  .1926686589  6 -.2022599587  7 -.1698415551 f 4  14
1i1    2  8 -.2788866755  9 -.0653720450 10 -.3302891295 11 -.2985981232 f 4  14
1i1   -3 12 -.4428925899  0  .0000000000  0  .0000000000  0  .0000000000 f 4  14
1i2    1  2 -.0315328112  6 -.3530939318  7  .0277968494  8  .7302967433 f 4  15
1i2   -2  9  .0106990123 10 -.5765999761 11  .0488695893 12  .0724853149 f 4  15
1i3    1  2  .2457016853  7  .7075315976  9 -.3501373357 11 -.5121982311 f 4  16
1i3   -2 12  .2325651274  0  .0000000000  0  .0000000000  0  .0000000000 f 4  16
1k     1  6  .4834937784  7 -.1623995886  8 -.3535533906  9  .3646464493 f 4  17
1k    -2 10 -.4983739794 11 -.1080547277 12  .4709996384  0  .0000000000 f 4  17
1l1    1  8 -.3535533906  9 -.1657483860 10  .6943650748 11 -.4424271220 f 4  18
1l1   -2 12  .4118772355  0  .0000000000  0  .0000000000  0  .0000000000 f 4  18
1l2   -1  9  .6462061727 11 -.6354889093 12 -.4225771274  0  .0000000000 f 4  19
1n    -1 11 -.5590169944 12  .8291561976  0  .0000000000  0  .0000000000 f 4  20
3p1    1  1  .6454972244  2  .3027650354  4 -.1010152545  5 -.1934294858 f 4  21
3p1    2  6  .1059456927  7  .3154200309 13 -.3779644730 14 -.1825741858 f 4  21
3p1   -3 15  .3964124836  0  .0000000000  0  .0000000000  0  .0000000000 f 4  21
3p2    1  2  .1513825177  4  .5387480238  5 -.0967147429  6 -.5650436943 f 4  22
3p2   -2  7  .1577100155 13  .1259881577 14 -.5477225575 15 -.1321374945 f 4  22
3p3    1  2 -.2282177323  4  .2233531314  5  .4957300670  6  .2129588550 f 4  23
3p3   -2  7  .5230649470 13 -.4178554470 15 -.3984095364  0  .0000000000 f 4  23
3d1    1  2 -.2558831579  3 -.3499271061  4 -.2493918746  5 -.2686213588 f 4  24
3d1    2  6  .3581618117  7 -.0533157162  8 -.3158690277  9  .3368858315 f 4  24
3d1   -3 13  .1166423687 14 -.5400617249 15 -.1675148486  0  .0000000000 f 4  24
3d2    1  2  .3779644730  3 -.2369017707  4 -.3165733073  5  .1653250178 f 4  25
3d2    2  6 -.2204333571  7 -.2887592842  8  .2624453296  9  .3732100136 f 4  25
3d2   -3 13 -.4738035415 15 -.3299144395  0  .0000000000  0  .0000000000 f 4  25
3f1    1  1  .6454972244  3 -.1463850109  4  .1666666667  6  .2236067977 f 4  26
3f1    2  8 -.2803059553 10  .2687419249 13 -.1781741613 14  .3651483717 f 4  26
3f1   -3 15 -.2390457219 16  .1690308509 17 -.2872972025  0  .0000000000 f 4  26
3f2    1  3 -.2927700219  4 -.2222222222  6 -.2981423970  8 -.5606119106 f 4  27
3f2    2 10 -.3583225666 13  .0148478468 14  .2738612788 15  .0199204768 f 4  27
3f2   -3 16 -.5070925528 17  .0239414335  0  .0000000000  0  .0000000000 f 4  27
3f3    1  2  .3535533906  3 -.3133915853  4  .2548657258  5 -.3194382825 f 4  28
3f3    2  6  .1243411828  7 -.4072055090  8  .1636634177 10 -.2615191310 f 4  28
3f3   -3 13  .3814480902 15  .1860968421 17 -.3914059954  0  .0000000000 f 4  28
3f4    1  4  .1898136626  5 -.4460712856  6 -.2315106832  7  .3499271061 f 4  29
3f4    2  9  .5000000000 10  .0749110958 13 -.3551088464 15  .4331168290 f 4  29
3f4   -3 17 -.1401458275  0  .0000000000  0  .0000000000  0  .0000000000 f 4  29
3g1    1  2 -.0930484210  3  .2735506022  4  .2669580527  5 -.1394142961 f 4  30
3g1    2  6 -.2101749594  7 -.2753211748  8 -.3839170356  9 -.2519763153 f 4  30
3g1    3 10  .2739271345 11  .2942449432 13 -.1248581962 14 -.5400617249 f 4  30
3g1   -4 15  .0983003362 17 -.1281176858  0  .0000000000  0  .0000000000 f 4  30
3g2    1  2  .3591215031  3  .2879377767  4 -.0468330829  5 -.2152284629 f 4  31
3g2    2  6 -.3244691161  7  .3759988317  8  .2051629517  9 -.1795395005 f 4  31
3g2    3 10 -.2033125152 11  .2096569673 13 -.0700933402 15 -.4856209061 f 4  31
3g2   -4 17 -.3042903097  0  .0000000000  0  .0000000000  0  .0000000000 f 4  31
3g3    1  2  .4204374826  4  .2412489548  5  .3149703942  6  .0759737176 f 4  32
3g3    2  7 -.2488066758  9  .3415650255 10 -.1768192050 11  .3418817294 f 4  32
3g3   -3 13 -.4513354669 15 -.1421338109 17  .3307984423  0  .0000000000 f 4  32
3h1    1  1  .6454972244  2 -.0825722824  4 -.0476190476  5  .1119070645 f 4  33
3h1    2  6 -.0776510438  7  .1173691195  9 -.2236067977 10  .1145919418 f 4  33
3h1    3 11 -.2611164839 12  .2779797246 13 -.1781741613 14 -.1825741858 f 4  33
3h1   -4 15 -.2905436016 17  .4287637856  0  .0000000000  0  .0000000000 f 4  33
3h2    1  2 -.0412861412  4  .2539682540  5  .0559535323  6  .4141389002 f 4  34
3h2    2  7  .0586845597  9 -.1118033989 10 -.6111570231 11 -.1305582420 f 4  34
3h2    3 12  .1389898623 13  .0593913871 14 -.5477225575 15  .0968478672 f 4  34
3h2   -4 17 -.1429212619  0  .0000000000  0  .0000000000  0  .0000000000 f 4  34
3h3    1  4 -.2676733643  5 -.2516181399  6  .2686076547  7  .1623995886 f 4  35
3h3    2  8  .3535533906  9 -.2817722563 10  .0707843321 11  .4258153136 f 4  35
3h3   -3 12  .2060522809 13 -.4006168084 15  .4020151261 17  .1059402877 f 4  35
3h4    1  2 -.4297197818  4  .1982539047  5 -.1941276095  6  .1492094194 f 4  36
3h4    2  7  .0595146513  9  .4833775400 10  .1834939609 11  .0209060503 f 4  36
3h4   -3 12  .3338428507 13 -.3708990935 15 -.2791452631 17 -.3432857670 f 4  36
3i1    1  2  .1628347368  6  .2279211529  7 -.1435423129  8  .4714045208 f 4  37
3i1    2  9 -.0552494620 10  .3721936842 11 -.2523614743 12 -.3743125567 f 4  37
3i1   -3 14 -.5400617249 15 -.1066003582 17 -.1740776560  0  .0000000000 f 4  37
3i2    1  2  .2820380374  6  .2631806780  7  .4143709651  9  .2870846259 f 4  38
3i2    2 10 -.1611645928 11  .3642524127 12 -.3241641831 15 -.4923659639 f 4  38
3i2   -3 17  .3015113446  0  .0000000000  0  .0000000000  0  .0000000000 f 4  38
3k1    1  6 -.2686076547  7 -.1623995886  8  .3535533906  9  .3646464493 f 4  39
3k1    2 10  .2768744330 11 -.1080547277 12  .4709996384 15 -.4020151261 f 4  39
3k1   -3 17  .4143877070  0  .0000000000  0  .0000000000  0  .0000000000 f 4  39
3k2    1  6  .2214995464  7 -.3347953287  9 -.2733592412 10  .2148861237 f 4  40
3k2   -2 11  .5765566602 12  .2284683834 15 -.4143877070 17 -.4020151261 f 4  40
3l     1  8  .3535533906  9 -.1657483860 10 -.3857583749 11 -.4424271220 f 4  41
3l    -2 12  .4118772355 17 -.5773502692  0  .0000000000  0  .0000000000 f 4  41
3m    -1 10  .3086066999 11 -.3659625274 12 -.6614378278 17 -.5773502692 f 4  42
5s    -1 14-1.0000000000  0  .0000000000  0  .0000000000  0  .0000000000 f 4  43
5d    -1 13 -.5345224838 14 -.3535533906 15  .7676494736  0  .0000000000 f 4  44
5f     1 13  .2988071523 14  .6123724357 15  .4008918629 16  .3779644730 f 4  45
5f    -2 17  .4818120558  0  .0000000000  0  .0000000000  0  .0000000000 f 4  45
5g    -1 13  .5721721353 14 -.3535533906 15 -.4504687313 17  .5871089930 f 4  46
5i    -1 14 -.3535533906 15  .4885042105 17  .7977240352  0  .0000000000 f 4  47
   f  11  17  47       0    4i
1s1 1s2 1d1 1d2 1d3 1d4 1f  1g1 1g2 1g3 1g4 1h1 1h2 1i1 1i2 1i3 1k  1l1 1l2 1n
3p1 3p2 3p3 3d1 3d2 3f1 3f2 3f3 3f4 3g1 3g2 3g3 3h1 3h2 3h3 3h4 3i1 3i2 3k1 3k2
3l  3m  5s  5d  5f  5g  5i
2f1    1  1  .1611645928  3  .2326210526  8  .3120938920 14  .3750901767 f11   1
2f1   -2 21  .3120938920 26  .4767312946 33  .5976143047  0  .0000000000 f11   1
2f2    1  2  .1611645928  3 -.1091089451  4  .0178571429  5  .1362089413 f11   2
2f2    2  6  .1989216057  7 -.1507556723  8 -.0532309131  9  .0087119532 f11   2
2f2    3 10  .1736330124 11  .1385112273 13  .3370999312 14  .1119572921 f11   2
2f2    4 15 -.0183233131 16  .1427741051 21  .1463850109 22  .0731925055 f11   2
2f2    5 23 -.1103418537 24  .1597191412 25 -.2359208068 28  .2611164839 f11   2
2f2    6 30  .0779220779 31 -.3007411994 32 -.3520893951 33 -.0764470787 f11   2
2f2   -7 34 -.0382235394 36 -.3978432113 37 -.1638886943 38 -.2838635454 f11   2
2p     1  3  .1139605765  4 -.2984188388  5  .1304101327  7 -.2041241452 f11   3
2p     2  8 -.1195228609  9  .3129843186 10 -.2126561415 24  .3336424046 f11   3
2p     3 25  .2258769757 26 -.1651445648 27 -.3302891295 28 -.3535533906 f11   3
2p    -4 30 -.3499271061 31 -.3683312416  0  .0000000000  0  .0000000000 f11   3
2d1    1  3 -.0943683227  4 -.1647428503  5 -.2429771612  7 -.2314550249 f11   4
2d1    2  8  .1355261854  9  .2365939061 10 -.0482258799 12  .3047247001 f11   4
2d1    3 21  .0577885596 22 -.3082056514 23 -.1277753130 24 -.1841881061 f11   4
2d1    4 25 -.2338048824 26 -.1456438163 27  .1941917550 28 -.2227177016 f11   4
2d1    5 29 -.1658711172 30  .2645200285 31 -.0464053745 32  .2390457219 f11   4
2d1   -6 33  .0521640531 34 -.2782082832 35  .2932214794 36 -.2171762714 f11   4
2d2    1  3  .1355261854  4 -.0221806787  5 -.0704948245  6  .1921765287 f11   5
2d2    2  7 -.1611645928  8  .0943683227  9 -.0154446422 10  .1231273725 f11   5
2d2    3 11 -.3437758255 12 -.1591372845 13  .2522624896 21  .1106566670 f11   5
2d2    4 22  .0553283335 23 -.2835960439 24 -.1983900214 25  .1221006176 f11   5
2d2    5 28  .2791452631 29  .3898051461 30 -.1381410795 31 -.2132628649 f11   5
2d2    6 32  .3120938920 33 -.1225880472 34 -.0612940236 35  .2756338622 f11   5
2d2   -7 36  .2126561415  0  .0000000000  0  .0000000000  0  .0000000000 f11   5
2g1    1  3  .1010152545  4  .1763466857  5 -.1261049756  7 -.0841654636 f11   6
2g1    2  8 -.0795288878  9 -.1388370088 10 -.2490373728 12 -.2279211529 f11   6
2g1    3 14  .1036523114 15  .1809503096 17  .2661545653 21 -.0451753951 f11   6
2g1    4 22  .2409354408 23 -.0908059609 24  .1971615884 25 -.1213445694 f11   6
2g1    5 26 -.1456438163 27  .1941917550 28 -.0809882551 29  .1507919247 f11   6
2g1    6 30 -.1552244947 31 -.2396363237 32  .0561103091 33  .0634018118 f11   6
2g1    7 34 -.3381429960 35 -.2193172317 36 -.1218289808 37  .2023085965 f11   6
2g1   -8 38  .2336058453 39  .2561073499 40 -.2111915310  0  .0000000000 f11   6
2g2    1  3  .0200494133  4 -.0032813555  5  .0917737249  6 -.2165063509 f11   7
2g2    2  7 -.1531299234  8  .1389064099  9 -.0227338978 10 -.1603264406 f11   7
2g2    3 11  .0389249472 12  .0765559002 13  .1972026594 14  .0870388280 f11   7
2g2    4 15 -.0142450721 16 -.3625892436 17 -.0893980313 21 -.1344955531 f11   7
2g2    5 22 -.0672477765 23 -.2230356428 24 -.0293493358 25 -.1589567544 f11   7
2g2    6 28  .2652288075 29 -.2279211529 30 -.2033381634 31  .2776935408 f11   7
2g2    7 32 -.1837559081 33 -.0958314847 34 -.0479157424 35 -.1325987088 f11   7
2g2    8 36 -.0485935093 37 -.1274117979 38  .3678061790 39  .1548419322 f11   7
2g2   -9 40  .3192148209  0  .0000000000  0  .0000000000  0  .0000000000 f11   7
2h1    1  3  .0537215309  4 -.1406759897  5 -.0754477275  7  .0556702214 f11   8
2h1    2  8  .0876021920  9 -.2293963861 10 -.0791302442 12  .1507556723 f11   8
2h1    3 14 -.1292771455 15  .3385270314 17  .1760446976 18 -.1874138921 f11   8
2h1    4 24  .1572805379 25 -.1306792974 26 -.1651445648 27 -.3302891295 f11   8
2h1    5 28  .0964236520 30  .2564729566 31 -.1370576034 35  .2611164839 f11   8
2h1   -6 37 -.3784847272 39  .3049183606 41 -.3246103831  0  .0000000000 f11   8
2h2    1  3  .1145919418  4 -.0187545088  5  .1072903353  6  .0482118260 f11   9
2h2    2  8 -.1149919149  9  .0188199698 10 -.0692474172 11 -.2623915633 f11   9
2h2    3 12  .1201480938 13  .0624187784 14 -.0303030303 15  .0049594975 f11   9
2h2    4 16 -.1623051916 17 -.1815682598 18 -.0878609878 19  .3425451915 f11   9
2h2    5 24 -.1677454266 25 -.1858323120 29  .2945791227 30  .1683309272 f11   9
2h2    6 31  .1199400450 32 -.2281800072 33 -.1651445648 34 -.0825722824 f11   9
2h2    7 35 -.2081026028 36  .3569979726 37  .0443590942 38 -.2304966149 f11   9
2h2   -8 39  .3144854510 40 -.2357557695 41  .1521796948  0  .0000000000 f11   9
2i     1  7  .1472895613  8  .0862439362  9  .1505597584 10 -.1298389073 f11  10
2i     2 12 -.0499750187 14  .1408357580 15  .2458630559 17 -.2282695423 f11  10
2i     3 18 -.3385784468 26 -.1456438163 27  .1941917550 28  .1417294465 f11  10
2i     4 29 -.0405978259 30  .1683309272 31 -.1249375468 32 -.1086571463 f11  10
2i     5 33 -.0778498944 34  .4151994369 35 -.0480884842 36 -.1246595987 f11  10
2i     6 37  .2748832531 38 -.1190279401 39 -.2196524695 40 -.1704753567 f11  10
2i    -7 41 -.3257972623 42 -.2755432378  0  .0000000000  0  .0000000000 f11  10
2k     1  8  .1149919149  9 -.0188199698 10  .0692474172 11 -.0966705759 f11  11
2k     2 12 -.1554857684 13 -.0728219081 14 -.1185309528 15  .0193991808 f11  11
2k     3 16 -.2033212524 17  .0460746907 18 -.2008349206 19 -.2884731932 f11  11
2k     4 20 -.2820380374 30 -.1683309272 31 -.1199400450 32 -.1955828633 f11  11
2k     5 33 -.1651445648 34 -.0825722824 35  .2693092507 36  .0132221471 f11  11
2k     6 37  .1735115483 38 -.2504423477 39 -.0798037052 40  .4258153136 f11  11
2k    -7 41  .3478562864 42 -.3041914981  0  .0000000000  0  .0000000000 f11  11
2l     1 12  .0706753493 13 -.1560469460 14  .1651445648 15 -.0270281239 f11  12
2l     2 16 -.0867182419 17  .1886515587 18 -.1756250433 19  .1801874925 f11  12
2l     3 20 -.3929526240 33 -.1651445648 34 -.0825722824 35 -.1224132958 f11  12
2l     4 36 -.1983322070 37 -.2417468892 38 -.2093589473 39 -.3267540845 f11  12
2l    -5 40 -.1584990123 41  .3041914981 42  .5164409259  0  .0000000000 f11  12
4d     1 21 -.1528941574 22  .0509647191 23 -.1690308509 24 -.0609144904 f11  13
4d     2 25  .2474358297 26 -.1100963765 27  .0091746980 28  .2357022604 f11  13
4d     3 29 -.2194268629 30  .0874817765 31  .0491108322 32  .3162277660 f11  13
4d     4 33 -.1380131119 34  .0460043706 35 -.3103164454 36 -.2872972025 f11  13
4d    -5 44 -.3603749851 45 -.2383656473 46  .5175491695  0  .0000000000 f11  13
4f     1 21  .0624187784 22  .1872563352 24 -.2383656473 26 -.1906925178 f11  14
4f     2 27 -.1430193884 30 -.3198010745 33  .1195228609 34  .3585685828 f11  14
4f     3 37 -.3843530574 43  .2548235957 44  .2014557410 45  .4128614119 f11  14
4f    -4 46  .2702812388 47  .3248376218  0  .0000000000  0  .0000000000 f11  14
4g     1 21  .1195228609 22 -.0398409536 23 -.1201249950 24  .0652050664 f11  15
4g     2 25  .1284190214 26 -.1100963765 27  .0091746980 28  .0857099129 f11  15
4g     3 29  .1994789662 30 -.0513356763 31  .2536072470 32  .0742269619 f11  15
4g     4 33 -.1677454266 34  .0559151422 35  .2321035413 36 -.1611645928 f11  15
4g     5 37  .0669072793 38  .3090314857 39 -.2710385427 40 -.2793801351 f11  15
4g    -6 44  .3857583749 45 -.2383656473 46 -.3037059567 47  .3958288024 f11  15
4s    -1 26  .2335496832 27 -.7006490497 45 -.6741998625  0  .0000000000 f11  16
4i     1 26 -.1100963765 27  .0091746980 28 -.1499923475 29 -.0537058755 f11  17
4i     2 30  .0556702214 31  .1322214713 32 -.1437398936 33  .2059714602 f11  17
4i     3 34 -.0686571534 35  .0508920680 36 -.1649091483 37  .0909090909 f11  17
4i     4 38 -.1574591643 39  .2324583236 40 -.2255176993 41  .3447914136 f11  17
4i    -5 42 -.3645094414 45 -.2383656473 46  .3293494715 47  .5378254348 f11  17
   f  12   7  17           7  17
2p  2d1 2d2 2f1 2f2 2g1 2g2 2h1 2h2 2i  2k  2l  4s  4d  4f  4g  4i
1s    -1  4 1.0000000000  0  .0000000000  0  .0000000000  0  .0000000000 f12   6
3p     1  2 -.1304101327  3 -.2497163924  4 -.1666666667  5  .3908679800 f12   4
3p     2  6  .1367753011  7  .4072055090 14 -.4879500365 15 -.2357022604 f12   4
3p    -3 16  .5117663157  0  .0000000000  0  .0000000000  0  .0000000000 f12   4
1d     1  1  .2672612419  2  .2857142857  3 -.4103259033  4 -.1666666667 f12   1
1d     2  5 -.3908679800  6 -.4103259033  7 -.0814411018  8  .2412489548 f12   1
1d    -3  9  .5146016079  0  .0000000000  0  .0000000000  0  .0000000000 f12   1
3f     1  1 -.1889822365  2  .2151657415  4 -.1666666667  6  .2886751346 f12   3
3f     2  8 -.3618734322 10  .3469443332 13  .2182178902 14 -.2300218531 f12   3
3f    -3 15  .4714045208 16 -.3086066999 17 -.3708990935  0  .0000000000 f12   3
1g     1  1 -.2089277235  2 -.3058388709  3 -.2129588550  4 -.1666666667 f12   2
1g     2  5 -.1421338109  6  .2407856652  7 -.4205600413  8  .2932214794 f12   2
1g    -3  9 -.3849001795 10 -.3138229572 11  .4494665750  0  .0000000000 f12   2
3h     1  2 -.0614759261  3  .1444713991  4 -.1666666667  5 -.1066003582 f12   5
3h     2  6 -.1002470665  7  .1515228817  9 -.2886751346 10  .1479375608 f12   5
3h     3 11 -.3370999312 12  .3588702813 14 -.2300218531 15 -.2357022604 f12   5
3h    -4 16 -.3750901767 17  .5535316670  0  .0000000000  0  .0000000000 f12   5
1i     1  4 -.1666666667  5  .2487341691  6 -.2611164839  7 -.2192645048 f12   7
1i     2  8 -.3600411499  9 -.0843949473 10 -.4264014327 11 -.3854885194 f12   7
1i    -3 12 -.5717718749  0  .0000000000  0  .0000000000  0  .0000000000 f12   7
   f  13   1   7           1   7
1s  1d  1g  1i  3p  3f  3h
2f     1  1  .1048284837  2  .2344036155  3  .3144854510  4  .3779644730 f13   1
2f    -2  5  .3144854510  6  .4803844614  7  .6021937916  0  .0000000000 f13   1
   f  14   1   1           1   1
2f
1s    -1  1  1.0                                                         f14   1
   g   0   1   1           1   1
1s
1s    -1  1 1.0
   g   1   1   1           1   1
1s
2g    -1  1 1.0
   g   2   9   1           9   1
2g
3k    -1  1 1.0000000000
3h    -1  1 1.0000000000
3f    -1  1 1.0000000000
3p    -1  1 1.0000000000
1l    -1  1 1.0000000000
1i    -1  1 1.0000000000
1g    -1  1 1.0000000000
1d    -1  1 1.0000000000
1s    -1  1 1.0000000000
   h   0   1   1           1   1
1s
1s    -1  1 1.0
   h   1   1   1           1   1
1s
2h    -1  1 1.0
   h   2  11   1          11   1
2h
3m    -1  1 1.0000000000
3k    -1  1 1.0000000000
3h    -1  1 1.0000000000
3f    -1  1 1.0000000000
3p    -1  1 1.0000000000
1n    -1  1 1.0000000000
1l    -1  1 1.0000000000
1i    -1  1 1.0000000000
1g    -1  1 1.0000000000
1d    -1  1 1.0000000000
1s    -1  1 1.0000000000
   i   0   1   1           1   1
1s
1s    -1  1 1.0
   i   1   1   1           1   1
1s
2i    -1  1 1.0
   k   0   1   1           1   1
1s
1s    -1  1 1.0
   k   1   1   1           1   1
1s
2k    -1  1 1.0
   l   0   1   1           1   1
1s
1s    -1  1 1.0
   l   1   1   1           1   1
1s
2l    -1  1 1.0
          -1
    3     10e-350e05    000005   10.        0 5.0  2.0  1.0  0.5  0.2
    0                         0000000000          1000.0000
    1    03 2 23 1 10         00                 0 1000.0000 0.00   1 07-6 0 0
s 2  p 2  s 0  s 0  s 0  s 0  s 0  s 0  k vi  3s2 3p2       -130337.379   0.0000
s 0  p 4  s 0  s 0  s 0  s 0  s 0  s 0  k vi  3p4           -129993.306   0.0000
s 2  p 1  d 1  s 0  s 0  s 0  s 0  s 0  k vi  3p 3d         -130106.201   0.0000
k vi  3s2 3p2      3        00   7609731    178682        00        00hf90999090
k vi  3p4          3  34407320   7574361    178422        00        00hf90999090
3s2 3p2  -3p4      1 101.64285   0.00005   0.00005   0.00005   0.00005hf90999090
k vi  3p 3d        6  23117760    180352      8932   7177693   8834344hf90999090
   5512094
k vi  3s2 3p2       k vi  3p 3d            1.70752( 3p//r1// 3d)-0.990hf -92 -96
k vi  3p4           k vi  3p 3d            0.00000(   //r1//   )0.0000hf   0   0
                    -99999999.
   -1
