  1  1    107.4378   0.0001
  1  1    108.6256   0.0002
  1  1    111.2699   0.0001
  1  1    112.7529   0.0456
  1  1    112.8909   0.1382
  1  1    113.0492   0.1456
  1  1    113.2141   0.2405
  1  1    114.0617   0.0005
  1  1    114.0890   0.0007
  1  1    115.0460   0.5667
  1  1    118.1889   0.0667
  1  1    118.3269   0.0593
  1  1    118.3354   0.1510
  1  1    118.6501   0.0050
  1  1    118.6585   0.0680
  1  1    118.6774   0.3072
  1  1    118.6919   0.0004
  1  1    118.7220   0.0049
  1  1    119.3112   0.0005
  1  1    119.6344   0.0036
  1  1    119.6730   0.2144
  1  1    122.8191   0.0580
  1  1    122.9434   0.0501
  1  1    122.9572   0.0361
  1  1    122.9873   0.0763
  1  1    123.2803   0.0562
  1  1    123.3104   0.1720
  1  1    124.2615   0.0001
  1  3    128.7787   0.0377
  1  3    128.8938   0.0175
  1  3    129.4402   0.0003
  1  3    129.4623   0.0009
  1  3    129.8988   0.0001
  1  3    132.2603   0.0002
  1  3    133.1702   0.0017
  1  3    133.5625   0.2688
  1  3    133.7005   0.2055
  1  3    133.7055   0.6055
  1  3    133.7302   0.0002
  1  3    134.0237   0.0145
  1  3    134.0286   0.2138
  1  3    134.0507   1.1724
  1  3    134.5138   0.0004
  1  3    134.5617   0.0009
  1  3    134.9063   0.0016
  1  3    135.4025   0.2472
  1  3    135.4925   0.0011
  1  3    135.5177   0.1523
  1  3    135.7668   1.2735
  1  3    136.0147   0.0014
  1  3    136.0870   0.0087
  1  3    136.4605   1.1468
  1  3    136.5226   0.0006
  1  3    137.3230   2.3128
  1  3    138.7790   0.0017
  1  3    138.8738   0.0002
  1  3    139.1022   0.0007
  1  3    139.1501   0.0045
  1  3    139.4947   0.0002
  1  3    139.5298   0.1449
  1  3    139.6043   0.0055
  1  3    139.6171   0.0056
  1  3    139.6449   0.1636
  1  3    139.6678   0.0467
  1  3    139.7518   0.7606
  1  3    139.7829   0.1595
  1  3    139.7940   0.0015
  1  3    139.8558   0.0004
  1  3    139.9909   0.0002
  1  3    140.0749   0.1742
  1  3    140.0809   1.4423
  1  3    140.1061   0.0184
  1  3    140.2143   0.2494
  1  3    140.2430   0.4352
  1  3    140.2800   0.3149
  1  3    140.3495   0.0077
  1  3    140.3523   0.2111
  1  3    140.3540   0.0002
  1  3    140.3744   0.2792
  1  3    140.4299   0.4214
  1  3    140.6031   1.2386
  1  3    140.6498   0.1216
  1  3    140.6754   0.3980
  1  3    140.7879   0.3609
  1  3    140.9854   1.9802
  1  3    141.0489   0.0070
  1  3    141.1110   0.5878
  1  3    141.9115   0.0226
  1  3    142.3906   0.0544
  1  3    143.8824   0.0020
  1  3    143.9213   0.0836
  1  3    144.0261   0.0829
  1  3    144.0593   0.0707
  1  3    144.1211   0.0640
  1  3    144.1927   0.0080
  1  3    144.2055   0.0003
  1  3    144.3824   0.0618
  1  3    144.4442   0.1847
  1  3    144.4812   0.3535
  1  3    144.5083   0.3353
  1  3    144.6193   0.2548
  1  3    144.6952   0.4034
  1  3    144.8314   0.0916
  1  3    144.9379   1.1534
  1  3    144.9424   0.0150
  1  3    145.0183   0.1264
  1  3    145.5738   0.0011
  1  3    146.5179   0.0003
  1  3    146.6559   0.0002
  1  2    150.8663   0.0087
  1  2    151.0043   0.0262
  1  2    151.3275   0.0452
  1  2    151.5519   0.0286
  1  2    153.1905   0.0001
  1  2    153.2007   0.0001
  1  2    153.2198   0.0001
  1  2    153.5268   0.1052
  1  4    154.3800   0.0007
  1  4    154.5150   0.0024
  1  4    154.6384   0.0001
  1  4    154.6484   0.0006
  1  4    154.7226   0.0001
  1  4    154.8969   0.0001
  1  2    157.3178   0.0140
  1  2    157.4558   0.0122
  1  2    157.4660   0.0320
  1  2    157.7790   0.0010
  1  2    157.7891   0.0142
  1  2    157.7921   0.0001
  1  2    157.8083   0.0663
  1  2    157.8506   0.0003
  1  2    157.8796   0.0008
  1  2    158.1152   0.0004
  1  2    158.1757   0.0488
  1  4    158.7628   0.1524
  1  4    158.9009   0.1149
  1  4    158.9037   0.3434
  1  4    158.9636   0.0002
  1  4    159.0101   0.0001
  1  4    159.2240   0.0079
  1  4    159.2268   0.1174
  1  4    159.2369   0.6555
  1  5    159.6542   0.0011
  1  4    160.0999   0.4830
  1  4    160.7105   0.0002
  1  4    160.7352   0.0006
  1  4    160.8226   0.0005
  1  4    161.0038   0.0066
  1  4    161.0292   0.0002
  1  4    161.1388   0.1175
  1  4    161.3464   0.0027
  1  4    161.5207   0.0003
  1  4    161.6775   0.5680
  1  4    161.9175   0.9925
  1  2    161.9779   0.0119
  1  2    162.1033   0.0105
  1  2    162.1159   0.0078
  1  2    162.1449   0.0158
  1  2    162.4391   0.0120
  1  2    162.4681   0.0379
  1  2    162.7642   0.0001
  1  4    164.9758   0.0010
  1  4    165.1311   0.0756
  1  4    165.2661   0.0016
  1  4    165.2691   0.0422
  1  4    165.2857   0.1903
  1  4    165.2989   0.0004
  1  4    165.3236   0.0028
  1  4    165.4041   0.0083
  1  4    165.4736   0.0758
  1  4    165.4817   0.0024
  1  4    165.4872   0.0001
  1  4    165.5874   0.0005
  1  4    165.5922   0.0011
  1  4    165.5934   0.0028
  1  4    165.5970   0.0891
  1  5    165.6007   0.0004
  1  4    165.6089   0.0412
  1  4    165.6117   0.0692
  1  4    165.6129   0.0781
  1  4    165.6176   0.3562
  1  4    165.6335   0.0182
  1  4    165.6339   0.0001
  1  4    165.6480   0.0334
  1  4    165.6718   0.0031
  1  4    165.7180   0.1276
  1  4    165.7272   0.0043
  1  4    165.7860   0.1082
  1  4    165.9201   0.3481
  1  4    165.9348   0.0938
  1  4    165.9428   0.0001
  1  4    166.1038   0.5874
  1  4    166.1091   0.2104
  1  5    166.1573   0.0006
  1  5    166.2389   0.0003
  1  5    166.2530   0.0135
  1  4    166.2659   0.0022
  1  5    166.2682   0.0018
  1  4    166.5060   0.0057
  1  4    166.7237   0.0122
  1  4    169.7147   0.0343
  1  5    169.7282   0.0029
  1  4    169.7470   0.0006
  1  4    169.7612   0.0086
  1  4    169.8490   0.0295
  1  4    169.8527   0.0206
  1  4    169.8587   0.0375
  1  5    169.8660   0.0030
  1  5    169.8662   0.0007
  1  5    169.8664   0.0019
  1  4    169.8988   0.0142
  1  4    169.8992   0.0128
  1  4    169.9833   0.0015
  1  4    170.0756   0.0021
  1  4    170.1759   0.0244
  1  4    170.1819   0.0647
  1  5    170.1892   0.0017
  1  5    170.1894   0.0014
  1  4    170.2219   0.0170
  1  4    170.2223   0.0016
  1  4    170.2602   0.0348
  1  4    170.3064   0.0007
  1  5    170.4053   0.1911
  1  5    170.5335   0.4191
  1  5    170.5433   0.1436
  1  4    170.6922   0.0058
  1  5    170.8320   0.0004
  1  5    170.8414   0.7425
  1  4    170.8510   0.0011
  1  5    170.8567   0.1393
  1  5    170.8664   0.0095
  1  4    170.9890   0.0005
  1  5    171.3371   0.2681
  1  5    172.5616   0.0002
  1  5    172.5787   0.0006
  1  5    172.6059   0.0001
  1  5    172.7009   0.0056
  1  5    172.7166   0.0002
  1  5    172.7811   0.0594
  1  5    172.8627   0.0013
  1  5    172.9719   0.0003
  1  5    173.0977   0.3283
  1  5    173.2112   0.5839
  1  5    176.8269   0.0009
  1  5    176.8281   0.0375
  1  5    176.9083   0.0023
  1  5    176.9662   0.0185
  1  5    176.9819   0.0988
  1  5    176.9900   0.0369
  1  5    177.0464   0.0046
  1  5    177.0992   0.0136
  1  5    177.1262   0.0364
  1  5    177.1274   0.0371
  1  5    177.1280   0.0395
  1  5    177.1500   0.0003
  1  5    177.1671   0.0026
  1  5    177.2372   0.0481
  1  5    177.2742   0.0019
  1  5    177.2893   0.0002
  1  5    177.3050   0.0155
  1  5    177.3161   0.1751
  1  5    177.3343   0.0041
  1  5    177.3417   0.0003
  1  5    177.3630   0.0002
  1  5    177.3695   0.0024
  1  5    177.3870   0.0511
  1  5    177.4494   0.1689
  1  5    177.4512   0.0368
  1  5    177.4619   0.0027
  1  5    177.4671   0.0109
  1  5    177.5604   0.1091
  1  5    177.6073   0.2950
  1  5    177.6862   0.0009
  1  5    177.7996   0.0026
  1  5    177.9609   0.0073
  1  5    181.4690   0.0186
  1  5    181.5395   0.0005
  1  5    181.5831   0.0481
  1  5    181.5996   0.0237
  1  5    181.6070   0.0080
  1  5    181.6099   0.0138
  1  5    181.6523   0.0052
  1  5    181.7211   0.0417
  1  5    181.7324   0.0935
  1  5    181.8626   0.0002
  1  5    181.8739   0.0025
  1  5    181.9228   0.0249
  1  5    181.9301   0.0110
  1  5    181.9755   0.0079
  1  5    182.0442   0.0032
  1  5    182.0503   0.1725
  1  5    182.0555   0.0354
  1  5    182.0881   0.0003
