0  eigenvalues      (j= 0.0)

                              -15.414   71.298
                    1         11111    11111   
                              (3p) 3p  (1s) 1s 
  1:11111        (3p) 3p  1   0.99915  0.04114
  1:11111        (1s) 1s  2  -0.04114  0.99915
  1:11111        (3p 0.0)  1  0.99915  0.04114
  1:11111        (1s 0.0)  2 -0.04114  0.99915
0  eigenvalues      (j= 1.0)

                              -16.528
                    1         11111   
                              (3p) 3p 
  1:11111        (3p) 3p  1   1.00000
0  eigenvalues      (j= 2.0)

                              -19.134   17.874
                    1         11111    11111   
                              (3p) 3p  (1d) 1d 
  1:11111        (3p) 3p  1   0.99884 -0.04821
  1:11111        (1d) 1d  2   0.04821  0.99884
  1:11111        (3p 2.0)  1  0.99884 -0.04821
  1:11111        (1d 2.0)  2  0.04821  0.99884
1  eigenvalues      (j= 0.0)

                              975.071 1047.590 1103.558 1115.660 1145.114 1257.999 1290.915 1314.109 1319.222 1353.388 1353.529 1409.673 1412.091 1448.246
                    1         11111    11111    11111    11111    11111    11111    11111    11111    11111    11111    11111    11111    11111    11111   
                              (2p) 3p  (4s) 5d  (2d) 1s  (2d) 3p  (2p) 3p  (4s) 5d  (2p) 3p  (2d) 1s  (2d) 3p  (2p) 3p  (4s) 5d  (2d) 1s  (2d) 3p  (2p) 3p 
  1:11111        (2p) 3p  1   0.99836 -0.00045 -0.00052  0.05631 -0.00374 -0.00008 -0.00399  0.00001  0.00808 -0.00232 -0.00059  0.00008  0.00348 -0.00146
  2:11111        (2p) 3p  2   0.00412  0.00006  0.00015 -0.01648  0.00215  0.00028  0.99566  0.00090  0.09026 -0.00741 -0.00185  0.00043  0.01239 -0.00229
  3:11111        (4s) 5d  3   0.00024  0.99936 -0.00233  0.00188 -0.02826 -0.01968  0.00005  0.00004 -0.00003  0.00256 -0.00876  0.00002  0.00001  0.00023
  3:11111        (2d) 3p  4  -0.05617 -0.00055 -0.00252  0.99701  0.04655  0.00023  0.01492  0.00054  0.01809  0.00347  0.00090  0.00045  0.00847  0.00096
  3:11111        (2p) 3p  5   0.00629  0.02841  0.04714 -0.04610  0.99734  0.00007 -0.00354 -0.00016  0.00551 -0.00765 -0.00185 -0.00008  0.00154 -0.00371
  3:11111        (2d) 1s  6   0.00008  0.00099  0.99865  0.00473 -0.04701 -0.00003  0.00003 -0.01965  0.00028  0.00087  0.00019 -0.00910  0.00041  0.00043
  4:11111        (4s) 5d  7   0.00003  0.01949 -0.00005 -0.00004 -0.00085  0.99920 -0.00035 -0.00249 -0.00166 -0.02378 -0.02535  0.00002 -0.00013  0.00040
  4:11111        (2d) 3p  8  -0.00764 -0.00010 -0.00018 -0.01682 -0.00684  0.00058 -0.09091  0.01547  0.99468 -0.03662 -0.00811  0.00109  0.01732  0.00381
  4:11111        (2p) 3p  9   0.00236  0.00033  0.00046 -0.00463  0.00739  0.02914  0.00401  0.05043  0.03704  0.97056  0.23026  0.00039  0.00869 -0.00804
  4:11111        (2d) 1s 10   0.00001  0.00002  0.01946  0.00005 -0.00106  0.00102  0.00029  0.99823 -0.01738 -0.04850 -0.01151 -0.01915  0.00068  0.00081
  5:11111        (4s) 5d 11   0.00001  0.00949 -0.00002  0.00001 -0.00035  0.01898  0.00008 -0.00008 -0.00044 -0.23141  0.97218 -0.00263 -0.00238 -0.02922
  5:11111        (2d) 3p 12  -0.00303 -0.00003 -0.00005 -0.00798 -0.00209 -0.00012 -0.01103 -0.00055 -0.01870 -0.00837 -0.00102  0.04316  0.99737 -0.05264
  5:11111        (2p) 3p 13   0.00144  0.00015  0.00021 -0.00148  0.00364  0.00039  0.00205  0.00048 -0.00429  0.00066  0.03038  0.05308  0.05029  0.99684
  5:11111        (2d) 1s 14   0.00001  0.00001  0.00948  0.00004 -0.00049  0.00002  0.00004  0.01895 -0.00044 -0.00154  0.00069  0.99743 -0.04586 -0.05083
  1:11111        (2p 0.5)  1  0.99836 -0.00045 -0.00052  0.05631 -0.00374 -0.00008 -0.00399  0.00001  0.00808 -0.00232 -0.00059  0.00008  0.00348 -0.00146
  2:11111        (2p 0.5)  2  0.00412  0.00006  0.00015 -0.01648  0.00215  0.00028  0.99566  0.00090  0.09026 -0.00741 -0.00185  0.00043  0.01239 -0.00229
  3:11111        (2d 2.5)  3  0.03559  0.00111  0.77514 -0.62690 -0.06585 -0.00017 -0.00942 -0.01556 -0.01122 -0.00152 -0.00042 -0.00733 -0.00504 -0.00027
  3:11111        (4s 1.5)  4 -0.00024 -0.99936  0.00233 -0.00188  0.02826  0.01968 -0.00005 -0.00004  0.00003 -0.00256  0.00876 -0.00002 -0.00001 -0.00023
  3:11111        (2d 1.5)  5 -0.04346  0.00020  0.62965  0.77527  0.00633  0.00016  0.01157 -0.01201  0.01419  0.00324  0.00082 -0.00540  0.00682  0.00102
  3:11111        (2p 1.5)  6 -0.00629 -0.02841 -0.04714  0.04610 -0.99734 -0.00007  0.00354  0.00016 -0.00551  0.00765  0.00185  0.00008 -0.00154  0.00371
  4:11111        (2d 2.5)  7  0.00484  0.00008  0.01519  0.01068  0.00351  0.00042  0.05772  0.76344 -0.64255 -0.01441 -0.00379 -0.01553 -0.01043 -0.00178
  4:11111        (4s 1.5)  8 -0.00003 -0.01949  0.00005  0.00004  0.00085 -0.99920  0.00035  0.00249  0.00166  0.02378  0.02535 -0.00002  0.00013 -0.00040
  4:11111        (2d 1.5)  9 -0.00591 -0.00006  0.01217 -0.01300 -0.00597  0.00109 -0.07024  0.64332  0.75948 -0.05904 -0.01356 -0.01127  0.01385  0.00346
  4:11111        (2p 1.5) 10 -0.00236 -0.00033 -0.00046  0.00463 -0.00739 -0.02914 -0.00401 -0.05043 -0.03704 -0.97056 -0.23026 -0.00039 -0.00869  0.00804
  5:11111        (2d 2.5) 11  0.00192  0.00003  0.00737  0.00508  0.00094  0.00009  0.00701  0.01503  0.01148  0.00410  0.00118  0.74530 -0.66631 -0.00608
  5:11111        (4s 1.5) 12 -0.00001 -0.00949  0.00002 -0.00001  0.00035 -0.01898 -0.00008  0.00008  0.00044  0.23141 -0.97218  0.00263  0.00238  0.02922
  5:11111        (2d 1.5) 13 -0.00234 -0.00002  0.00596 -0.00616 -0.00193 -0.00008 -0.00852  0.01156 -0.01477 -0.00746 -0.00036  0.66426  0.74355 -0.07292
  5:11111        (2p 1.5) 14 -0.00144 -0.00015 -0.00021  0.00148 -0.00364 -0.00039 -0.00205 -0.00048  0.00429 -0.00066 -0.03038 -0.05308 -0.05029 -0.99684
1  eigenvalues      (j= 1.0)

                              893.993  937.837  975.182  983.096 1047.597 1061.833 1109.962 1110.890 1115.483 1118.996 1145.381 1149.898 1166.324 1201.397 1253.431 1258.002 1265.086 1291.017 1293.639 1316.449 1317.538 1319.212 1320.618 1353.418 1353.527 1353.793 1358.988 1362.583 1410.791 1411.438 1412.097 1412.978 1448.222 1449.142 1453.216
                    1         11111    11111    11111    11111    11111    11111    11111    11111    11111    11111    11111    11111    11111    11111    11111    11111    11111    11111    11111    11111    11111    11111    11111    11111    11111    11111    11111    11111    11111    11111    11111    11111    11111    11111    11111   
                              (4s) 3s  (2d) 3d  (2p) 3p  (2p) 1p  (4s) 5d  (4s) 3d  (2d) 1p  (2d) 3d  (2d) 3p  (2d) 3s  (2p) 3p  (2p) 3d  (2p) 1p  (4s) 3s  (2d) 3d  (4s) 5d  (4s) 3d  (2p) 3p  (2p) 1p  (2d) 3d  (2d) 1p  (2d) 3p  (2d) 3s  (2p) 3p  (4s) 5d  (2p) 3d  (4s) 3d  (2p) 1p  (2d) 3d  (2d) 1p  (2d) 3p  (2d) 3s  (2p) 3p  (2p) 3d  (2p) 1p 
  1:11111        (2d) 3d  1  -0.00223  0.99683  0.04628  0.05622  0.00068 -0.00660  0.00368  0.00480 -0.00025  0.00000 -0.00038 -0.02927  0.00124  0.00001 -0.00355  0.00005 -0.00463 -0.00015 -0.00012  0.00236 -0.00070 -0.00013  0.00000 -0.00037 -0.00030 -0.00280 -0.00571  0.00060  0.00161 -0.00058 -0.00012  0.00000 -0.00023 -0.00248  0.00029
  1:11111        (2p) 3p  2   0.01958 -0.04725  0.99688  0.01748 -0.00044 -0.00012  0.00503 -0.00211  0.05620  0.00209 -0.00199 -0.00110  0.00134 -0.00020  0.00016 -0.00007 -0.00003 -0.00399 -0.00023  0.00045  0.00078  0.00810 -0.00028 -0.00208 -0.00052  0.00015 -0.00005  0.00028  0.00032  0.00030  0.00349 -0.00034 -0.00135  0.00007  0.00014
  1:11111        (4s) 3s  3   0.99915  0.00455 -0.01894 -0.02543 -0.00001  0.00002 -0.00063  0.00051  0.00029 -0.01613  0.00086 -0.00001 -0.00050  0.01808  0.00007 -0.00001  0.00000 -0.00020 -0.00040 -0.00002 -0.00012 -0.00023 -0.00799  0.00035  0.00007 -0.00005 -0.00001 -0.00024  0.00000  0.00003 -0.00046 -0.00531  0.00023 -0.00003 -0.00016
  1:11111        (2p) 1p  4   0.02525 -0.05520 -0.02058  0.99598 -0.00007 -0.00006  0.04386 -0.03496 -0.00566 -0.00103  0.00162 -0.00076  0.02121  0.00021 -0.00079 -0.00001  0.00020 -0.00061  0.00993  0.00181  0.00869 -0.00118 -0.00018  0.00025  0.00005 -0.00010  0.00043  0.00764  0.00091  0.00360 -0.00058 -0.00005  0.00015  0.00019  0.00515
  2:11111        (2d) 3d  5  -0.00001  0.00379  0.00017  0.00034 -0.00013  0.00195 -0.00145 -0.00306  0.00055  0.00000  0.00026  0.02216 -0.00062 -0.00179  0.99484  0.00535 -0.05539  0.04346  0.06528  0.00681  0.00198  0.00139 -0.00006 -0.00174 -0.00136 -0.01341 -0.01542  0.00192  0.00212 -0.00067 -0.00012  0.00000 -0.00059 -0.00609  0.00058
  2:11111        (2p) 3p  6  -0.00001 -0.00019  0.00412  0.00007  0.00006 -0.00002 -0.00136  0.00063 -0.01644 -0.00036  0.00138  0.00008 -0.00073  0.01783 -0.04710  0.00000  0.00381  0.99266  0.05751  0.00539  0.00903  0.09036 -0.00211 -0.00616 -0.00156 -0.00019 -0.00060  0.00145  0.00103  0.00099  0.01235 -0.00107 -0.00199 -0.00003  0.00040
  2:11111        (4s) 3s  7  -0.01787 -0.00009  0.00049  0.00054  0.00001 -0.00001 -0.00015  0.00009 -0.00104  0.02138 -0.00189  0.00005  0.00031  0.99904  0.00416 -0.00001 -0.00022 -0.01617 -0.02527 -0.00056 -0.00217 -0.00134 -0.01327  0.00053  0.00011 -0.00005 -0.00002 -0.00057 -0.00004 -0.00009 -0.00060 -0.00616  0.00025 -0.00003 -0.00022
  2:11111        (2p) 1p  8  -0.00030  0.00046  0.00020 -0.00993  0.00001 -0.00005 -0.01209  0.00989  0.00168  0.00070 -0.00073 -0.00026 -0.01313  0.02452 -0.06240 -0.00032  0.00414 -0.06084  0.98983  0.02410  0.10087 -0.01093 -0.00035  0.00148  0.00023 -0.00131  0.00047  0.02017  0.00353  0.01229 -0.00156  0.00010  0.00041  0.00006  0.00749
  3:11111        (4s) 5d  9   0.00000 -0.00036  0.00020 -0.00001  0.99933 -0.00837  0.00335  0.00014  0.00322 -0.00194 -0.02408  0.01365 -0.00060 -0.00001 -0.00002 -0.01968  0.00040  0.00004  0.00000 -0.00006 -0.00003 -0.00005  0.00004  0.00245 -0.00878  0.00042  0.00004  0.00000 -0.00003 -0.00001  0.00000  0.00002  0.00019 -0.00011  0.00000
  3:11111        (4s) 3d 10  -0.00002  0.01072  0.00064  0.00060  0.00742  0.97790 -0.09977 -0.14553  0.00574  0.00159  0.00923  0.09551 -0.02613  0.00001 -0.00217 -0.00008  0.03283 -0.00017 -0.00030 -0.02186  0.00572  0.00092  0.00001  0.00045  0.00046  0.00414  0.02495 -0.00312 -0.01155  0.00394  0.00081 -0.00001  0.00075  0.00950 -0.00146
  3:11111        (2d) 3d 11   0.00001 -0.00584 -0.00039 -0.00033  0.00052  0.18195  0.59996  0.77601 -0.02260  0.00138  0.02540 -0.02899  0.02992  0.00000  0.00128 -0.00026 -0.03861  0.00014  0.00025 -0.00091  0.00031 -0.00006 -0.00007  0.00042  0.00059  0.00806 -0.01599  0.00153 -0.00003  0.00001 -0.00008 -0.00003 -0.00029 -0.00166  0.00053
  3:11111        (2p) 3d 12  -0.00006  0.02835  0.00137  0.00168 -0.01419 -0.09138  0.04856  0.02457  0.01592  0.00012  0.01531  0.99205 -0.02545  0.00005 -0.01925 -0.00021  0.04073 -0.00080 -0.00117 -0.00227  0.00074  0.00015  0.00004  0.00004 -0.00021 -0.00313  0.01781 -0.00158 -0.00201  0.00076  0.00018  0.00001  0.00040  0.00356 -0.00058
  3:11111        (2d) 3p 13  -0.00070  0.00221 -0.05619 -0.00090 -0.00105 -0.00126  0.07749 -0.03569  0.98923  0.04223  0.08395 -0.01933  0.03383  0.00060 -0.00087  0.00018 -0.00021  0.01484  0.00093  0.00066  0.00158  0.01786 -0.00023  0.00387  0.00091 -0.00072 -0.00020  0.00103  0.00057  0.00064  0.00836 -0.00065  0.00117 -0.00023  0.00048
  3:11111        (2p) 3p 14   0.00020 -0.00029  0.00666  0.00074  0.02456 -0.01179 -0.05828  0.01180 -0.08211  0.05782  0.99252 -0.01179  0.01532  0.00049  0.00018  0.00006 -0.00001 -0.00344 -0.00005  0.00050  0.00095  0.00584 -0.00086 -0.00741 -0.00170  0.00094  0.00011  0.00026  0.00026  0.00030  0.00165 -0.00041 -0.00364  0.00035  0.00011
  3:11111        (2d) 3s 15   0.01682  0.00009 -0.00042 -0.00059  0.00054 -0.00071  0.00738 -0.00727 -0.03895  0.99617 -0.06107  0.00180  0.02303 -0.02070 -0.00006  0.00003 -0.00002  0.00018  0.00027  0.00004  0.00031  0.00063  0.02864 -0.00110 -0.00023  0.00018  0.00006  0.00091 -0.00001 -0.00008  0.00121  0.01460 -0.00056  0.00008  0.00047
  3:11111        (2d) 1p 16  -0.00090  0.00261  0.00105 -0.05961 -0.00089 -0.00497  0.76797 -0.60399 -0.09124 -0.01504  0.04270 -0.01783  0.17387  0.00085 -0.00117 -0.00001  0.00058 -0.00095  0.01594  0.00049  0.00603 -0.00156 -0.00070 -0.00005  0.00001  0.00031  0.00144  0.02160  0.00055  0.00347 -0.00088 -0.00027  0.00012  0.00058  0.01150
  3:11111        (2p) 1p 17  -0.00029  0.00069  0.00076 -0.01184  0.00023  0.01932 -0.15982  0.08293 -0.01422 -0.02297 -0.02471  0.03326  0.97946  0.00030 -0.00057 -0.00003  0.00111  0.00000  0.00575  0.00372  0.02530 -0.00509 -0.00176  0.00042  0.00014  0.00051  0.00361  0.05777  0.00278  0.01338 -0.00278 -0.00063  0.00054  0.00145  0.03190
  4:11111        (4s) 5d 18   0.00000 -0.00003  0.00002  0.00000  0.01949 -0.00008  0.00007 -0.00001  0.00001 -0.00006 -0.00072  0.00060 -0.00003  0.00001 -0.00552  0.99916 -0.00765 -0.00040 -0.00021  0.00280  0.00187 -0.00002 -0.00189 -0.01846 -0.02282  0.01642  0.00796 -0.00092 -0.00008 -0.00003 -0.00013  0.00005  0.00033 -0.00012 -0.00001
  4:11111        (4s) 3d 19  -0.00001  0.00367  0.00018  0.00020  0.00008 -0.02448  0.02509  0.03470 -0.00153  0.00000  0.00012 -0.04516  0.00325 -0.00003  0.05813  0.00759  0.99127 -0.00109 -0.00052 -0.06334  0.02082  0.00415  0.00160  0.01103  0.00413  0.01884  0.05641 -0.02779 -0.01800  0.00555  0.00138 -0.00002  0.00099  0.01291 -0.00248
  4:11111        (2d) 3d 20   0.00001 -0.00234 -0.00013 -0.00013  0.00015  0.02210 -0.00066 -0.00144  0.00009  0.00004  0.00036  0.00298 -0.00023  0.00001 -0.00331 -0.00043  0.07299 -0.00128 -0.00076  0.96335 -0.23892 -0.02316  0.00184  0.02529  0.00512 -0.00186 -0.07964  0.03842  0.00018  0.00062 -0.00014 -0.00009 -0.00040 -0.00146  0.00129
  4:11111        (2p) 3d 21  -0.00001  0.00497  0.00024  0.00029 -0.00014 -0.01400  0.00148  0.00236 -0.00021 -0.00003 -0.00028 -0.00651  0.00055 -0.00003  0.01709 -0.01453 -0.04850  0.00049  0.00039  0.05402  0.01417  0.01512 -0.00066  0.09814  0.08772  0.81886  0.55055 -0.04990 -0.00326  0.00123  0.00029  0.00007  0.00087  0.00731 -0.00126
  4:11111        (2d) 3p 22  -0.00012  0.00034 -0.00764 -0.00011 -0.00008  0.00003 -0.00093  0.00047 -0.01648 -0.00105 -0.00762  0.00047 -0.00018 -0.00040  0.00199 -0.00015 -0.00151 -0.09129 -0.00500  0.04269  0.08431  0.98970 -0.02550 -0.00514 -0.00193 -0.01457 -0.00723  0.03942  0.00122  0.00183  0.01702 -0.00120  0.00411 -0.00059  0.00134
  4:11111        (2p) 3p 23   0.00006 -0.00010  0.00238  0.00008  0.00028 -0.00007 -0.00078  0.00011 -0.00474  0.00001  0.00724  0.00018  0.00021  0.00020 -0.00078  0.02517 -0.01003  0.00563  0.00337 -0.03671 -0.03835  0.00951  0.04880  0.96433  0.21721 -0.12777 -0.01124  0.01147  0.00098  0.00140  0.00917 -0.00215 -0.00773  0.00075  0.00052
  4:11111        (2d) 3s 24   0.00743  0.00004 -0.00016 -0.00022 -0.00001  0.00002 -0.00018  0.00016  0.00105 -0.02886  0.00209 -0.00005 -0.00043  0.01424  0.00005  0.00064 -0.00074 -0.00066 -0.00076  0.00045  0.00516  0.02398  0.99714 -0.04744 -0.01051  0.00717  0.00216  0.02635  0.00007  0.00025  0.00228  0.02987 -0.00087  0.00015  0.00113
  4:11111        (2d) 1p 25  -0.00016  0.00040  0.00014 -0.00783  0.00000 -0.00038 -0.00061  0.00147  0.00089  0.00063  0.00033 -0.00083 -0.03152 -0.00056  0.00274 -0.00095 -0.00237  0.00514 -0.10625  0.22990  0.95672 -0.09519 -0.00282  0.04191  0.00778 -0.02611 -0.00689  0.08577  0.00102  0.00704 -0.00176 -0.00065  0.00012  0.00104  0.02053
  4:11111        (2p) 1p 26  -0.00013  0.00029  0.00013 -0.00522  0.00001 -0.00094 -0.00780  0.00859  0.00260  0.00152  0.00036 -0.00186 -0.06091 -0.00030  0.00191  0.00021  0.02207  0.00296 -0.01266 -0.05674 -0.08133 -0.02957 -0.02576 -0.01074 -0.00016  0.02883  0.05889  0.98660  0.01026  0.04444 -0.00833 -0.00140  0.00128  0.00273  0.06419
  5:11111        (4s) 5d 27   0.00000 -0.00001  0.00001  0.00000  0.00949 -0.00005  0.00003 -0.00001  0.00002 -0.00002 -0.00030  0.00022 -0.00001  0.00000 -0.00018  0.01898  0.00003  0.00007 -0.00001  0.00009  0.00007 -0.00030 -0.00010 -0.22872  0.97019 -0.07102 -0.00782  0.00013  0.00302  0.00166 -0.00085 -0.00175 -0.02376  0.01679 -0.00087
  5:11111        (4s) 3d 28  -0.00001  0.00227  0.00011  0.00012  0.00004 -0.01167  0.01085  0.01493 -0.00066  0.00000  0.00005 -0.01712  0.00132 -0.00001  0.00357  0.00008 -0.03491  0.00037  0.00046  0.06792 -0.02003 -0.00259  0.00012 -0.05132 -0.04606 -0.55210  0.82442 -0.02933 -0.03074  0.01305  0.00443  0.00151  0.01144  0.03052 -0.02595
  5:11111        (2d) 3d 29   0.00000 -0.00147 -0.00008 -0.00008  0.00007  0.01128 -0.00030 -0.00066  0.00005  0.00002  0.00018  0.00202 -0.00021  0.00000 -0.00126  0.00011  0.01866 -0.00018 -0.00016  0.00101  0.00010  0.00004  0.00003 -0.00087 -0.00211 -0.01601  0.03320 -0.00069  0.94697 -0.30751 -0.04791  0.00275  0.02271 -0.04996  0.03895
  5:11111        (2p) 3d 30   0.00000  0.00207  0.00010  0.00012 -0.00006 -0.00736  0.00109  0.00164 -0.00011 -0.00001 -0.00012 -0.00318  0.00031 -0.00001  0.00513 -0.00015 -0.01130  0.00028  0.00040  0.00000 -0.00014 -0.00016 -0.00002  0.00397 -0.01341  0.01208 -0.03093  0.00149  0.05760  0.00974  0.01350 -0.00107  0.09816  0.99111 -0.05418
  5:11111        (2d) 3p 31  -0.00005  0.00014 -0.00303 -0.00004 -0.00002  0.00001 -0.00051  0.00025 -0.00786 -0.00044 -0.00243  0.00019 -0.00016 -0.00013  0.00045 -0.00009 -0.00002 -0.01103 -0.00061 -0.00056 -0.00104 -0.01846  0.00014 -0.00909 -0.00186  0.00223 -0.00067  0.00086  0.07152  0.07117  0.98976 -0.08455 -0.02129 -0.01407  0.04195
  5:11111        (2p) 3p 32   0.00004 -0.00006  0.00144  0.00004  0.00013 -0.00004 -0.00032  0.00005 -0.00156  0.00007  0.00359  0.00003  0.00008  0.00006 -0.00009  0.00034  0.00002  0.00213  0.00027 -0.00080 -0.00037 -0.00425 -0.00001  0.00202  0.02681  0.00219 -0.00802  0.00114 -0.03849 -0.03432  0.02867  0.04270  0.99231 -0.09570  0.00501
  5:11111        (2d) 3s 33   0.00475  0.00002 -0.00010 -0.00014 -0.00001  0.00001 -0.00009  0.00009  0.00051 -0.01371  0.00094 -0.00002 -0.00025  0.00616  0.00003 -0.00001  0.00002 -0.00013 -0.00021 -0.00002  0.00000 -0.00085 -0.03043  0.00231  0.00124 -0.00002 -0.00069  0.00004 -0.00146 -0.00953  0.08368  0.99442 -0.04520  0.00609  0.02784
  5:11111        (2d) 1p 34  -0.00007  0.00016  0.00005 -0.00312  0.00000 -0.00018 -0.00038  0.00074  0.00039  0.00028  0.00014 -0.00033 -0.01251 -0.00017  0.00059  0.00000 -0.00048  0.00064 -0.01185 -0.00033 -0.00547  0.00167  0.00073  0.00005 -0.00106 -0.00039 -0.00368 -0.05076  0.29817  0.94591 -0.08954  0.01780  0.04331 -0.02701  0.04972
  5:11111        (2p) 1p 35  -0.00009  0.00019  0.00007 -0.00337  0.00000 -0.00046 -0.00339  0.00380  0.00122  0.00073  0.00020 -0.00080 -0.02832 -0.00013  0.00029  0.00001 -0.00124  0.00031 -0.00427 -0.00105 -0.01616  0.00346  0.00146 -0.00150 -0.00118 -0.01346  0.01606 -0.06636 -0.05346 -0.04062 -0.03648 -0.02548 -0.00037  0.05898  0.99199
  1:11111        (4s 1.5)  1  0.99915  0.00455 -0.01894 -0.02543 -0.00001  0.00002 -0.00063  0.00051  0.00029 -0.01613  0.00086 -0.00001 -0.00050  0.01808  0.00007 -0.00001  0.00000 -0.00020 -0.00040 -0.00002 -0.00012 -0.00023 -0.00799  0.00035  0.00007 -0.00005 -0.00001 -0.00024  0.00000  0.00003 -0.00046 -0.00531  0.00023 -0.00003 -0.00016
  1:11111        (2d 1.5)  2 -0.00223  0.99683  0.04628  0.05622  0.00068 -0.00660  0.00368  0.00480 -0.00025  0.00000 -0.00038 -0.02927  0.00124  0.00001 -0.00355  0.00005 -0.00463 -0.00015 -0.00012  0.00236 -0.00070 -0.00013  0.00000 -0.00037 -0.00030 -0.00280 -0.00571  0.00060  0.00161 -0.00058 -0.00012  0.00000 -0.00023 -0.00248  0.00029
  1:11111        (2p 1.5)  3  0.03192 -0.07235  0.55875  0.82331 -0.00031 -0.00011  0.03871 -0.02976  0.02783  0.00036  0.00018 -0.00126  0.01809  0.00005 -0.00055 -0.00005  0.00014 -0.00280  0.00797  0.00174  0.00755  0.00372 -0.00031 -0.00099 -0.00026  0.00001  0.00032  0.00640  0.00093  0.00312  0.00154 -0.00023 -0.00066  0.00019  0.00428
  1:11111        (2p 0.5)  4  0.00141 -0.00671  0.82583 -0.56076 -0.00032 -0.00006 -0.02122  0.01847  0.04915  0.00230 -0.00256 -0.00046 -0.01115 -0.00029  0.00059 -0.00005 -0.00014 -0.00291 -0.00592 -0.00068 -0.00438  0.00730 -0.00013 -0.00184 -0.00045  0.00018 -0.00029 -0.00418 -0.00027 -0.00183  0.00318 -0.00025 -0.00119 -0.00005 -0.00286
  2:11111        (4s 1.5)  5 -0.01787 -0.00009  0.00049  0.00054  0.00001 -0.00001 -0.00015  0.00009 -0.00104  0.02138 -0.00189  0.00005  0.00031  0.99904  0.00416 -0.00001 -0.00022 -0.01617 -0.02527 -0.00056 -0.00217 -0.00134 -0.01327  0.00053  0.00011 -0.00005 -0.00002 -0.00057 -0.00004 -0.00009 -0.00060 -0.00616  0.00025 -0.00003 -0.00022
  2:11111        (2d 1.5)  6 -0.00001  0.00379  0.00017  0.00034 -0.00013  0.00195 -0.00145 -0.00306  0.00055  0.00000  0.00026  0.02216 -0.00062 -0.00179  0.99484  0.00535 -0.05539  0.04346  0.06528  0.00681  0.00198  0.00139 -0.00006 -0.00174 -0.00136 -0.01341 -0.01542  0.00192  0.00212 -0.00067 -0.00012  0.00000 -0.00059 -0.00609  0.00058
  2:11111        (2p 1.5)  7 -0.00025  0.00026  0.00254 -0.00807  0.00004 -0.00006 -0.01066  0.00844 -0.00812  0.00037  0.00020 -0.00017 -0.01114  0.03032 -0.07814 -0.00026  0.00558  0.52344  0.84139  0.02279  0.08757  0.04324 -0.00151 -0.00234 -0.00072 -0.00118  0.00004  0.01731  0.00348  0.01060  0.00586 -0.00054 -0.00081  0.00003  0.00635
  2:11111        (2p 0.5)  8  0.00017 -0.00042  0.00325  0.00579  0.00004  0.00001  0.00587 -0.00519 -0.01440 -0.00070  0.00155  0.00021  0.00699  0.00040 -0.00243  0.00019  0.00072  0.84563 -0.52452 -0.00951 -0.05087  0.08009 -0.00152 -0.00588 -0.00141  0.00060 -0.00076 -0.01046 -0.00120 -0.00629  0.01098 -0.00093 -0.00186 -0.00006 -0.00399
  3:11111        (2d 2.5)  9  0.00823  0.00433  0.00072 -0.04479 -0.00058 -0.07688  0.33862 -0.76623 -0.07985  0.51532 -0.01052 -0.00080  0.13033 -0.01032 -0.00142  0.00011  0.01586 -0.00068  0.01197  0.00075  0.00455 -0.00081  0.01466 -0.00079 -0.00035 -0.00290  0.00750  0.01604  0.00041  0.00255  0.00001  0.00753 -0.00009  0.00114  0.00864
  3:11111        (2d 2.5) 10 -0.01019  0.00422 -0.03914 -0.01210 -0.00142 -0.06956 -0.02027 -0.43228  0.71173 -0.53718  0.09294 -0.00740  0.03447  0.01230 -0.00129  0.00021  0.01442  0.01015  0.00360  0.00089  0.00203  0.01199 -0.01648  0.00319  0.00055 -0.00356  0.00609  0.00396  0.00053  0.00118  0.00508 -0.00876  0.00128  0.00053  0.00217
  3:11111        (4s 1.5) 11 -0.00002  0.01028  0.00055  0.00057 -0.30897  0.93036 -0.09571 -0.13810  0.00443  0.00212  0.01637  0.08629 -0.02460  0.00001 -0.00205  0.00615  0.03102 -0.00017 -0.00029 -0.02072  0.00544  0.00089  0.00000 -0.00034  0.00321  0.00380  0.02365 -0.00296 -0.01095  0.00374  0.00077 -0.00002  0.00065  0.00905 -0.00138
  3:11111        (2d 1.5) 12  0.00920 -0.00110 -0.04033  0.01083 -0.00007  0.06779  0.12986  0.38181  0.68725  0.59691  0.02578 -0.01993  0.01337 -0.01145  0.00006  0.00005 -0.01472  0.01084 -0.00228  0.00005  0.00020  0.01327  0.01615  0.00228  0.00073  0.00255 -0.00638 -0.00251  0.00028 -0.00029  0.00675  0.00784  0.00038 -0.00085 -0.00149
  3:11111        (2p 1.5) 13 -0.00032 -0.00827 -0.00350 -0.01010 -0.00879  0.05032 -0.10723  0.05001  0.02892 -0.04950 -0.56761 -0.28149  0.75834 -0.00005  0.00555  0.00001 -0.01201  0.00214  0.00485  0.00333  0.01885 -0.00719 -0.00091  0.00437  0.00110  0.00087 -0.00289  0.04510  0.00265  0.00995 -0.00311 -0.00027  0.00228 -0.00019  0.02483
  3:11111        (4s 1.5) 14  0.00000  0.00305  0.00039  0.00018  0.95040  0.30130 -0.02837 -0.04589  0.00487 -0.00134 -0.01992  0.04315 -0.00883  0.00000 -0.00070 -0.01870  0.01076 -0.00002 -0.00010 -0.00697  0.00178  0.00025  0.00004  0.00247 -0.00819  0.00171  0.00793 -0.00099 -0.00368  0.00123  0.00025  0.00001  0.00042  0.00290 -0.00046
  3:11111        (2d 1.5) 15 -0.00529 -0.00283  0.00045 -0.03584 -0.00030  0.13337  0.90767  0.22038 -0.06064 -0.28975  0.06190 -0.03290  0.12020  0.00636  0.00027 -0.00020 -0.02854 -0.00051  0.00968 -0.00040  0.00376 -0.00116 -0.00857  0.00060  0.00052  0.00617 -0.01112  0.01385  0.00031  0.00211 -0.00093 -0.00431  0.00001 -0.00092  0.00717
  3:11111        (2p 1.5) 16  0.00011 -0.01797  0.00419 -0.00358  0.02697  0.05417 -0.11455  0.01449 -0.07370  0.03622  0.70877 -0.62744  0.28017  0.00040  0.01216  0.00016 -0.02548 -0.00201  0.00219  0.00276  0.00676  0.00286 -0.00111 -0.00533 -0.00107  0.00280 -0.01025  0.01610  0.00218  0.00320  0.00037 -0.00047 -0.00277 -0.00162  0.00868
  3:11111        (2p 0.5) 17 -0.00013  0.02032  0.00413 -0.00535  0.00012 -0.05828 -0.08173  0.07007 -0.03047  0.01043  0.40175  0.71588  0.55375  0.00041 -0.01387 -0.00014  0.02943 -0.00197  0.00247  0.00075  0.01552 -0.00045 -0.00134 -0.00276 -0.00077 -0.00154  0.01473  0.03234  0.00029  0.00838 -0.00080 -0.00052 -0.00089  0.00349  0.01805
  4:11111        (2d 2.5) 18  0.00381  0.00125  0.00007 -0.00593 -0.00007 -0.00912 -0.00028  0.00176  0.00119 -0.01482  0.00121 -0.00184 -0.02372  0.00712  0.00340 -0.00021 -0.03136  0.00401 -0.07961 -0.21306  0.81424 -0.04928  0.52479 -0.00386 -0.00178 -0.01500  0.02785  0.06276  0.00073  0.00515 -0.00005  0.01535 -0.00021  0.00144  0.01544
  4:11111        (2d 2.5) 19 -0.00433  0.00117 -0.00523 -0.00148 -0.00011 -0.00833 -0.00043  0.00107 -0.01211  0.01569 -0.00664 -0.00092 -0.00611 -0.00845  0.00316 -0.00050 -0.02843 -0.06267 -0.02407 -0.28454  0.33744  0.67588 -0.58335  0.02212  0.00423 -0.01888  0.02208  0.01575  0.00096  0.00233  0.01045 -0.01784  0.00357  0.00025  0.00393
  4:11111        (4s 1.5) 20 -0.00001  0.00349  0.00016  0.00019 -0.00608 -0.02320  0.02378  0.03292 -0.00145  0.00002  0.00034 -0.04303  0.00309 -0.00003  0.05689 -0.30876  0.94282 -0.00091 -0.00043 -0.06098  0.01916  0.00394  0.00211  0.01630  0.01114  0.01268  0.05100 -0.02607 -0.01705  0.00527  0.00135 -0.00003  0.00083  0.01229 -0.00235
  4:11111        (2d 1.5) 21  0.00415 -0.00070 -0.00557  0.00132  0.00000  0.00838 -0.00089 -0.00040 -0.01121 -0.01718 -0.00414  0.00158  0.00585  0.00789 -0.00035  0.00028  0.02630 -0.06643  0.01701  0.34492 -0.21820  0.72376  0.54729 -0.02939 -0.00695 -0.00172 -0.03231  0.04001  0.00077  0.00026  0.01362  0.01614  0.00224 -0.00109 -0.00204
  4:11111        (2p 1.5) 22 -0.00013 -0.00129 -0.00128 -0.00418 -0.00011  0.00374 -0.00609  0.00585  0.00467  0.00118 -0.00359  0.00052 -0.04747 -0.00034 -0.00350 -0.00903  0.03793 -0.00094 -0.01178 -0.04093 -0.04647 -0.03290 -0.04648 -0.56754 -0.14683 -0.16663 -0.12233  0.77372  0.00844  0.03326 -0.01156  0.00007  0.00495 -0.00061  0.04984
  4:11111        (4s 1.5) 23  0.00000  0.00113  0.00008  0.00006  0.01852 -0.00782  0.00800  0.01096 -0.00047 -0.00005 -0.00065 -0.01371  0.00100  0.00000  0.01315  0.95029  0.30621 -0.00072 -0.00037 -0.01737  0.00836  0.00129 -0.00128 -0.01403 -0.02034  0.02154  0.02539 -0.00966 -0.00577  0.00173  0.00031  0.00005  0.00063  0.00397 -0.00079
  4:11111        (2d 1.5) 24 -0.00219 -0.00152  0.00004 -0.00473  0.00011  0.01630 -0.00081 -0.00024  0.00030  0.00857 -0.00013  0.00174 -0.01897 -0.00436 -0.00085 -0.00107  0.05341  0.00231 -0.06410  0.85872  0.39378 -0.08122 -0.28235  0.05749  0.01147 -0.01909 -0.06434  0.07276  0.00073  0.00462 -0.00181 -0.00891  0.00002 -0.00051  0.01297
  4:11111        (2p 1.5) 25  0.00002 -0.00314  0.00162 -0.00148  0.00030  0.00856 -0.00352  0.00081 -0.00266  0.00042  0.00556  0.00377 -0.01592  0.00009 -0.01089  0.02763  0.02904  0.00457 -0.00105 -0.07562 -0.05797 -0.01025  0.02941  0.63941  0.10311 -0.60376 -0.34120  0.29467  0.00543  0.01172  0.00436 -0.00198 -0.00586 -0.00337  0.01775
  4:11111        (2p 0.5) 26 -0.00006  0.00364  0.00121 -0.00277  0.00002 -0.01047 -0.00378  0.00667 -0.00058  0.00086  0.00297 -0.00560 -0.03469 -0.00011  0.01287  0.00013 -0.02565  0.00435 -0.00566 -0.00955 -0.05259 -0.00250  0.00459  0.45688  0.15061  0.54350  0.41871  0.53901  0.00401  0.02710 -0.00086 -0.00164 -0.00180  0.00705  0.03638
  5:11111        (2d 2.5) 27  0.00246  0.00072  0.00002 -0.00238 -0.00003 -0.00464 -0.00022  0.00086  0.00055 -0.00706  0.00053 -0.00107 -0.00941  0.00313  0.00096 -0.00005 -0.00781  0.00048 -0.00892 -0.00066 -0.00413  0.00079 -0.01557  0.00161  0.00071  0.00610 -0.01640 -0.03769 -0.15643  0.82582 -0.00356  0.53841 -0.00059  0.00299  0.03636
  5:11111        (2d 2.5) 28 -0.00274  0.00067 -0.00205 -0.00055 -0.00004 -0.00425 -0.00027  0.00052 -0.00579  0.00749 -0.00229 -0.00067 -0.00240 -0.00361  0.00089 -0.00010 -0.00710 -0.00753 -0.00262 -0.00082 -0.00186 -0.01225  0.01745 -0.00740 -0.00143  0.00750 -0.01324 -0.00931 -0.24329  0.35995  0.65255 -0.61978  0.01068 -0.00011  0.00929
  5:11111        (4s 1.5) 29  0.00000  0.00216  0.00010  0.00012 -0.00296 -0.01106  0.01029  0.01416 -0.00064  0.00001  0.00014 -0.01631  0.00125 -0.00001  0.00344 -0.00592 -0.03313  0.00033  0.00043  0.06440 -0.01902 -0.00236  0.00014  0.02364 -0.35049 -0.50131  0.78459 -0.02787 -0.03011  0.01185  0.00447  0.00198  0.01837  0.02365 -0.02435
  5:11111        (2d 1.5) 30  0.00267 -0.00047 -0.00224  0.00049  0.00001  0.00427 -0.00045 -0.00017 -0.00533 -0.00811 -0.00115  0.00095  0.00217  0.00343 -0.00026 -0.00003  0.00708 -0.00807  0.00176  0.00004  0.00040 -0.01385 -0.01725 -0.00546 -0.00119 -0.00435  0.01229  0.01053  0.34444 -0.25931  0.74718  0.50021 -0.04078 -0.01979  0.05004
  5:11111        (2p 1.5) 31 -0.00009 -0.00047 -0.00076 -0.00267 -0.00005  0.00200 -0.00280  0.00240  0.00183  0.00053 -0.00177  0.00038 -0.02208 -0.00013 -0.00134 -0.00013  0.00260 -0.00101 -0.00358 -0.00037 -0.01227  0.00506  0.00115 -0.00352 -0.01136 -0.01545  0.02661 -0.05249 -0.03854 -0.01575 -0.04823 -0.04279 -0.57484 -0.21532  0.78278
  5:11111        (4s 1.5) 32  0.00000  0.00071  0.00004  0.00004  0.00902 -0.00374  0.00346  0.00471 -0.00019 -0.00002 -0.00027 -0.00521  0.00041  0.00000  0.00096  0.01803 -0.01101  0.00018  0.00014  0.02157 -0.00626 -0.00110 -0.00006 -0.23321  0.90584 -0.24197  0.25328 -0.00915 -0.00686  0.00570  0.00059 -0.00119 -0.01892  0.02559 -0.00904
  5:11111        (2d 1.5) 33 -0.00138 -0.00101  0.00000 -0.00190  0.00005  0.00834 -0.00042 -0.00008  0.00013  0.00406 -0.00005  0.00132 -0.00759 -0.00185 -0.00060  0.00009  0.01367  0.00029 -0.00717  0.00056 -0.00321  0.00127  0.00907 -0.00127 -0.00257 -0.01221  0.02283 -0.03099  0.88796  0.34012 -0.11324 -0.26853  0.05576 -0.05531  0.05111
  5:11111        (2p 1.5) 34  0.00001 -0.00131  0.00101 -0.00092  0.00013  0.00451 -0.00180 -0.00002 -0.00075  0.00025  0.00274  0.00183 -0.00745  0.00002 -0.00324  0.00034  0.00684  0.00146 -0.00116 -0.00085 -0.00436 -0.00211  0.00038 -0.00142  0.02776 -0.00952  0.01785 -0.01724 -0.07834 -0.04171  0.00298  0.02528  0.66250 -0.68149  0.29406
  5:11111        (2p 0.5) 35 -0.00004  0.00155  0.00070 -0.00184  0.00001 -0.00548 -0.00132  0.00337 -0.00001  0.00044  0.00150 -0.00270 -0.01610 -0.00005  0.00376  0.00004 -0.00870  0.00125 -0.00207 -0.00093 -0.00958  0.00015  0.00083  0.00276  0.00078  0.00166 -0.01587 -0.03679 -0.00585 -0.03057  0.00019  0.00197  0.47430  0.69581  0.53646
1  eigenvalues      (j= 2.0)

                              878.312  937.905  945.776  975.425 1047.610 1061.872 1102.793 1110.639 1114.899 1118.495 1143.955 1145.879 1149.002 1150.510 1196.288 1253.513 1256.143 1258.008 1265.109 1291.251 1314.083 1316.583 1319.093 1321.882 1352.565 1353.467 1353.525 1353.789 1354.471 1358.909 1409.668 1410.918 1412.082 1413.992 1447.677 1448.163 1448.588 1449.234
                    1         11111    11111    11111    11111    11111    11111    11111    11111    11111    11111    11111    11111    11111    11111    11111    11111    11111    11111    11111    11111    11111    11111    11111    11111    11111    11111    11111    11111    11111    11111    11111    11111    11111    11111    11111    11111    11111    11111   
                              (4s) 5s  (2d) 3d  (2d) 1d  (2p) 3p  (4s) 5d  (4s) 3d  (2d) 3f  (2d) 3d  (2d) 3p  (2d) 1d  (2p) 3f  (2p) 3p  (2p) 1d  (2p) 3d  (4s) 5s  (2d) 3d  (2d) 1d  (4s) 5d  (4s) 3d  (2p) 3p  (2d) 3f  (2d) 3d  (2d) 3p  (2d) 1d  (2p) 3f  (2p) 3p  (4s) 5d  (2p) 3d  (2p) 1d  (4s) 3d  (2d) 3f  (2d) 3d  (2d) 3p  (2d) 1d  (2p) 3f  (2p) 3p  (2p) 1d  (2p) 3d 
  1:11111        (4s) 5s  1   0.99954  0.00298 -0.00262 -0.02817  0.00001  0.00000  0.00000 -0.00003 -0.00065  0.00000  0.00000 -0.00002 -0.00002  0.00000 -0.01046 -0.00003  0.00002  0.00000  0.00000  0.00026  0.00000  0.00000 -0.00004  0.00000  0.00000  0.00001  0.00000  0.00000  0.00000  0.00000  0.00000  0.00000 -0.00002  0.00000  0.00000  0.00001  0.00000  0.00000
  1:11111        (2d) 3d  2  -0.00113  0.99727  0.01998  0.06333  0.00104 -0.00692  0.00133  0.00731 -0.00050  0.00116 -0.00167 -0.00051  0.01900 -0.02190  0.00000 -0.00356 -0.00016  0.00007 -0.00466 -0.00021  0.00032  0.00266 -0.00023  0.00019 -0.00034 -0.00059 -0.00038 -0.00246 -0.00105 -0.00567  0.00021  0.00179 -0.00021  0.00009 -0.00017 -0.00035  0.00064 -0.00230
  1:11111        (2p) 3p  3   0.02841 -0.06441  0.06421  0.99378 -0.00036  0.00000  0.00001  0.00286  0.05667 -0.00010  0.00006  0.00170  0.00208 -0.00041  0.00001  0.00024 -0.00028 -0.00006 -0.00003 -0.00401  0.00001  0.00047  0.00829  0.00009 -0.00001 -0.00159 -0.00034  0.00008  0.00015 -0.00008  0.00001  0.00038  0.00360  0.00009  0.00001 -0.00114 -0.00013  0.00005
  1:11111        (2d) 1d  4   0.00082 -0.01581  0.99705 -0.06543  0.00001  0.00139  0.00123  0.00081  0.00016 -0.00522 -0.00303 -0.00143 -0.02476 -0.02101  0.00001 -0.00052  0.01081 -0.00001  0.00019 -0.00051 -0.00002  0.00009  0.00017 -0.00775 -0.00084  0.00053  0.00029  0.00251 -0.00565 -0.00029 -0.00012  0.00009  0.00019 -0.00566 -0.00048  0.00059 -0.00251 -0.00098
  2:11111        (4s) 5s  5   0.01045  0.00004 -0.00003 -0.00037  0.00000  0.00000  0.00000 -0.00002 -0.00059  0.00000  0.00000 -0.00001 -0.00001  0.00001  0.99952  0.00319 -0.00242  0.00001 -0.00022 -0.02893  0.00000 -0.00013 -0.00208 -0.00005  0.00000  0.00006  0.00002  0.00002 -0.00002  0.00001  0.00000 -0.00002 -0.00016 -0.00001  0.00000  0.00002  0.00000  0.00000
  2:11111        (2d) 3d  6   0.00000  0.00380  0.00007  0.00024 -0.00020  0.00203 -0.00055 -0.00384  0.00091 -0.00055  0.00116  0.00037 -0.01416  0.01671 -0.00122  0.99444  0.05210  0.00823 -0.05696  0.06335  0.00153  0.00730  0.00228  0.00116 -0.00152 -0.00281 -0.00174 -0.01181 -0.00538 -0.01537  0.00045  0.00247 -0.00022  0.00027 -0.00044 -0.00093  0.00160 -0.00573
  2:11111        (2p) 3p  7   0.00015 -0.00026  0.00018  0.00411  0.00005 -0.00006  0.00000 -0.00072 -0.01650  0.00013  0.00000 -0.00016 -0.00020  0.00008  0.02922 -0.06584  0.05214 -0.00033  0.00538  0.99148  0.00015  0.00569  0.09229  0.00209  0.00005 -0.00362 -0.00095 -0.00126  0.00090 -0.00087  0.00003  0.00126  0.01256  0.00043  0.00003 -0.00141  0.00008 -0.00010
  2:11111        (2d) 1d  8  -0.00001  0.00016 -0.01029  0.00077  0.00000 -0.00033 -0.00046 -0.00036 -0.00061  0.00391  0.00217  0.00099  0.01911  0.01668  0.00095 -0.04842  0.99643 -0.00003  0.00428 -0.05542  0.00081  0.00067 -0.00195 -0.01820 -0.00309  0.00154  0.00104  0.00921 -0.01929 -0.00067  0.00002  0.00026  0.00020 -0.00792 -0.00118  0.00123 -0.00592 -0.00203
  3:11111        (4s) 5d  9   0.00000 -0.00055  0.00000  0.00011  0.99929 -0.01355 -0.00366  0.00162  0.00471 -0.00216 -0.00620 -0.01577 -0.01275  0.01675  0.00000 -0.00002 -0.00001 -0.01968  0.00062  0.00002  0.00008 -0.00005 -0.00008  0.00004  0.00011  0.00200 -0.00889  0.00059 -0.00007  0.00007  0.00003 -0.00003 -0.00002  0.00002  0.00005  0.00011  0.00006 -0.00015
  3:11111        (2d) 3f 10   0.00000 -0.00026 -0.00035  0.00001  0.00165  0.00696  0.97911 -0.01051  0.00018 -0.05301 -0.18309  0.00683  0.01315  0.06409  0.00000 -0.00019 -0.00027 -0.00018  0.00010  0.00000 -0.01781  0.00036 -0.00002  0.00093 -0.01066  0.00014 -0.00003  0.00008  0.00100 -0.00003 -0.00791  0.00032 -0.00003  0.00041 -0.00476 -0.00009  0.00051  0.00026
  3:11111        (2p) 3f 11   0.00000  0.00003  0.00003  0.00000  0.00779  0.01474  0.18854  0.00428 -0.00033  0.00119  0.97678 -0.01799 -0.03048 -0.09051  0.00000  0.00002  0.00009 -0.00010 -0.00057  0.00000 -0.01855  0.00052 -0.00002  0.00049 -0.01299  0.00019  0.00000  0.00011  0.00134 -0.00021 -0.00692  0.00032 -0.00003  0.00020 -0.00619 -0.00013  0.00078  0.00044
  3:11111        (4s) 3d 12  -0.00001  0.01091 -0.00034  0.00092  0.01183  0.97725 -0.01511 -0.18546  0.00776 -0.01186 -0.00496  0.01257 -0.03769  0.07623  0.00001 -0.00198 -0.00049 -0.00012  0.03273 -0.00022 -0.00138 -0.02326  0.00154 -0.00004  0.00074  0.00071  0.00057  0.00357  0.00066  0.02462 -0.00106 -0.01253  0.00139 -0.00021  0.00064  0.00118 -0.00254  0.00862
  3:11111        (2d) 3d 13   0.00000 -0.00603 -0.00043 -0.00052  0.00162  0.18608  0.00419  0.97831 -0.04836 -0.04272 -0.00477  0.03796  0.02087  0.01922 -0.00001  0.00106  0.00002 -0.00042 -0.03830  0.00020  0.00024 -0.00075  0.00010  0.00042  0.00067  0.00082  0.00076  0.00722  0.00353 -0.01595  0.00015  0.00010 -0.00003  0.00017 -0.00003 -0.00036  0.00006 -0.00158
  3:11111        (2p) 3d 14  -0.00003  0.02845  0.00048  0.00189 -0.02164 -0.08360 -0.03124  0.01622  0.02607 -0.03903  0.05726  0.02169 -0.64669  0.75100  0.00004 -0.01912 -0.00133 -0.00030  0.04017 -0.00114 -0.00070 -0.00266  0.00013 -0.00004 -0.00019 -0.00006 -0.00030 -0.00291 -0.00137  0.01761 -0.00037 -0.00228  0.00026 -0.00003  0.00017  0.00054 -0.00061  0.00331
  3:11111        (2d) 3p 15  -0.00095  0.00302 -0.00313 -0.05623 -0.00149  0.00040  0.00027  0.04195  0.98336  0.00203  0.00275  0.16224  0.03014 -0.01384  0.00104 -0.00120  0.00092  0.00010 -0.00024  0.01477  0.00002  0.00066  0.01769  0.00058  0.00006  0.00472  0.00083 -0.00144 -0.00005 -0.00035  0.00001  0.00070  0.00833  0.00034  0.00001  0.00156  0.00052 -0.00031
  3:11111        (2p) 3p 16   0.00012 -0.00040  0.00050  0.00745  0.01671 -0.01593  0.00106 -0.03956 -0.16002  0.04317  0.01275  0.98334 -0.02964 -0.04750 -0.00016  0.00024 -0.00009  0.00003 -0.00001 -0.00324 -0.00001  0.00049  0.00682 -0.00047 -0.00007 -0.00698 -0.00128  0.00143  0.00022  0.00013  0.00000  0.00029  0.00205 -0.00017  0.00001 -0.00345 -0.00071  0.00034
  3:11111        (2d) 1d 17   0.00001 -0.00049  0.01691 -0.00128  0.00080  0.00717  0.03508  0.02972 -0.00363  0.93234  0.02282 -0.02085  0.24144  0.25698 -0.00002  0.00024 -0.01081  0.00004 -0.00049  0.00044  0.00021 -0.00043 -0.00117  0.03775  0.00380 -0.00230 -0.00130 -0.01115  0.02526  0.00134  0.00032 -0.00051 -0.00087  0.02188  0.00241 -0.00269  0.01228  0.00452
  3:11111        (2p) 1d 18   0.00002 -0.00052  0.02931 -0.00200 -0.00041 -0.03066 -0.05091 -0.03886 -0.02127 -0.34773  0.08876  0.05866  0.71738  0.58720 -0.00003  0.00100 -0.02139  0.00004  0.00040  0.00091  0.00149  0.00047 -0.00031  0.03514 -0.00055 -0.00072  0.00006  0.00173 -0.00032  0.00079  0.00079 -0.00001 -0.00040  0.01631 -0.00033 -0.00024 -0.00096  0.00049
  4:11111        (4s) 5d 19   0.00000 -0.00004  0.00000  0.00001  0.01949 -0.00013 -0.00003  0.00000  0.00008 -0.00007 -0.00014 -0.00047 -0.00057  0.00073  0.00000 -0.00852 -0.00038  0.99910 -0.01226 -0.00042 -0.00261  0.00167  0.00265 -0.00243 -0.00559 -0.00899 -0.01907  0.02148  0.00979  0.01212  0.00012 -0.00009 -0.00014  0.00004  0.00011  0.00020  0.00008 -0.00016
  4:11111        (2d) 3f 20   0.00000 -0.00002 -0.00003  0.00000  0.00011  0.00037  0.01951 -0.00013  0.00000 -0.00074  0.01374 -0.00019 -0.00029 -0.00020  0.00000 -0.00036 -0.00067  0.00110  0.00315 -0.00002  0.99201 -0.02918  0.00145 -0.04779 -0.08041  0.00575  0.00254  0.00816  0.06923  0.02157 -0.01645  0.00059 -0.00007  0.00159 -0.00932 -0.00018  0.00104  0.00067
  4:11111        (2p) 3f 21   0.00000  0.00001  0.00001  0.00000  0.00014  0.00017  0.01446  0.00012 -0.00001 -0.00074  0.01188 -0.00017 -0.00021 -0.00066  0.00000  0.00056  0.00007  0.00777  0.01283 -0.00006  0.09133  0.00667 -0.00053  0.01037  0.98092 -0.01760 -0.00577 -0.01189 -0.16437 -0.02147 -0.02441  0.00135 -0.00010  0.00043 -0.01280 -0.00026  0.00146  0.00069
  4:11111        (4s) 3d 22   0.00000  0.00367  0.00005  0.00025  0.00014 -0.02456  0.00174  0.04407 -0.00293  0.00040 -0.00195  0.00026  0.02799 -0.03247 -0.00002  0.05957 -0.00093  0.01208  0.99110 -0.00113 -0.00902 -0.07293  0.00274 -0.00546 -0.00611  0.01243  0.00265 -0.00233  0.02531  0.05280 -0.00148 -0.01937  0.00219  0.00025  0.00092  0.00157 -0.00348  0.01172
  4:11111        (2d) 3d 23   0.00000 -0.00236 -0.00008 -0.00017  0.00024  0.02217 -0.00035 -0.00180  0.00009 -0.00030 -0.00015  0.00050 -0.00111  0.00262  0.00000 -0.00343 -0.00099  0.00019  0.07591 -0.00175  0.02565  0.99117 -0.04768 -0.02171 -0.00280  0.03774  0.00705 -0.00107  0.04666 -0.06501  0.00036  0.00021  0.00012  0.00085  0.00008 -0.00045 -0.00030 -0.00135
  4:11111        (2p) 3d 24  -0.00001  0.00498  0.00008  0.00033 -0.00022 -0.01419  0.00027  0.00324 -0.00031  0.00055 -0.00024 -0.00039  0.00412 -0.00496 -0.00002  0.01772  0.00076 -0.02210 -0.03920  0.00074 -0.03783  0.01803  0.02552 -0.04171  0.08764  0.16204  0.11505  0.72466  0.35103  0.54557 -0.00129 -0.00377  0.00025  0.00068  0.00029  0.00110 -0.00095  0.00690
  4:11111        (2d) 3p 25  -0.00018  0.00046 -0.00047 -0.00763 -0.00005  0.00001  0.00000 -0.00048 -0.01586 -0.00017 -0.00013 -0.00924 -0.00040  0.00057 -0.00063  0.00291 -0.00239 -0.00098  0.00003 -0.09253  0.00051  0.04431  0.99142  0.01498  0.00145  0.05897  0.00762 -0.04287  0.00674 -0.01342  0.00005  0.00135  0.01707  0.00106  0.00000  0.00461  0.00127 -0.00075
  4:11111        (2p) 3p 26   0.00005 -0.00014  0.00016  0.00242  0.00020 -0.00011  0.00000 -0.00061 -0.00506  0.00015  0.00007  0.00689 -0.00072 -0.00034  0.00007 -0.00106  0.00054  0.01711 -0.01346  0.00938  0.00036 -0.03848 -0.06522  0.03648  0.00831  0.95866  0.17155 -0.20392 -0.04106 -0.01806 -0.00002  0.00112  0.01098 -0.00090 -0.00001 -0.00705 -0.00157  0.00063
  4:11111        (2d) 1d 27   0.00001 -0.00012  0.00682 -0.00047 -0.00001  0.00055  0.00010 -0.00008  0.00070 -0.02705 -0.00389 -0.00094 -0.03536 -0.03191  0.00001 -0.00134  0.02241  0.00090  0.00286 -0.00230  0.03929  0.01651 -0.01498  0.98628  0.00731 -0.03387 -0.00662 -0.01511  0.13029  0.02497  0.00066 -0.00118 -0.00193  0.04442  0.00432 -0.00465  0.02169  0.00792
  4:11111        (2p) 1d 28   0.00000 -0.00009  0.00502 -0.00034 -0.00002 -0.00019 -0.00119 -0.00128  0.00005 -0.02402 -0.00017  0.00095 -0.00237 -0.00298  0.00002 -0.00222  0.01982 -0.00035 -0.02674 -0.00042 -0.05210 -0.03685 -0.01828 -0.12591  0.14560 -0.04929 -0.04677 -0.44993  0.86393  0.02976  0.00214 -0.00043 -0.00105  0.04986 -0.00081 -0.00051 -0.00201  0.00123
  5:11111        (4s) 5d 29   0.00000 -0.00001  0.00000  0.00001  0.00949 -0.00008 -0.00002  0.00000  0.00005 -0.00003 -0.00006 -0.00019 -0.00021  0.00027  0.00000 -0.00027 -0.00001  0.01898  0.00004  0.00004  0.00009  0.00002 -0.00005 -0.00021 -0.00093 -0.19619  0.97496 -0.09708 -0.00832 -0.01238 -0.00227  0.00193  0.00214 -0.00241 -0.00569 -0.01355 -0.00812  0.02362
  5:11111        (2d) 3f 30   0.00000 -0.00001 -0.00001  0.00000  0.00005  0.00017  0.00937 -0.00007  0.00000 -0.00038  0.00551 -0.00007 -0.00011 -0.00003  0.00000 -0.00005 -0.00008  0.00009  0.00028  0.00000  0.01768 -0.00035  0.00001 -0.00023  0.02180 -0.00060  0.00076 -0.00084 -0.00270  0.00207  0.99321 -0.04968  0.00458 -0.05111 -0.04737 -0.00295  0.04434  0.05736
  5:11111        (2p) 3f 31   0.00000  0.00000  0.00000  0.00000  0.00007  0.00010  0.00681  0.00003  0.00000 -0.00033  0.00585 -0.00009 -0.00013 -0.00031  0.00000  0.00001  0.00001  0.00014 -0.00005  0.00000  0.01139  0.00037 -0.00003 -0.00055  0.01267 -0.00262  0.00677 -0.00620 -0.00495  0.01037  0.06113  0.00699 -0.00104  0.01125  0.97718  0.02220 -0.15832 -0.12268
  5:11111        (4s) 3d 32   0.00000  0.00227  0.00004  0.00015  0.00007 -0.01171  0.00075  0.01900 -0.00126  0.00012 -0.00077  0.00011  0.01064 -0.01229  0.00000  0.00354  0.00019  0.00013 -0.03509  0.00051  0.00464  0.07288 -0.00499  0.00273 -0.03535 -0.08283 -0.05524 -0.46619 -0.27032  0.82955 -0.00698 -0.03885  0.00272 -0.00307 -0.00529  0.01012  0.02033  0.02776
  5:11111        (2d) 3d 33   0.00000 -0.00147 -0.00004 -0.00010  0.00012  0.01131 -0.00020 -0.00085  0.00005 -0.00020 -0.00003  0.00025 -0.00095  0.00169  0.00000 -0.00127 -0.00021  0.00018  0.01874 -0.00024 -0.00010  0.00086 -0.00002  0.00020 -0.00129 -0.00204 -0.00224 -0.01523 -0.00769  0.03533  0.04776  0.99197 -0.09129 -0.00745 -0.00432  0.02730  0.04942 -0.00896
  5:11111        (2p) 3d 34   0.00000  0.00208  0.00003  0.00014 -0.00010 -0.00744  0.00016  0.00217 -0.00017  0.00023 -0.00010 -0.00016  0.00194 -0.00241 -0.00001  0.00514  0.00027 -0.00023 -0.01164  0.00041  0.00006  0.00072 -0.00023  0.00071  0.00009  0.00464 -0.02140  0.00701  0.00392 -0.02262 -0.03964  0.02282  0.02420 -0.03945  0.07554  0.15632 -0.26472  0.94565
  5:11111        (2d) 3p 35  -0.00007  0.00019 -0.00019 -0.00303 -0.00001  0.00000  0.00000 -0.00027 -0.00766 -0.00005 -0.00005 -0.00315 -0.00021  0.00021 -0.00020  0.00063 -0.00050 -0.00006 -0.00007 -0.01108  0.00000 -0.00055 -0.01786 -0.00033 -0.00014 -0.01104 -0.00278  0.00312  0.00011  0.00089  0.00129  0.08857  0.99368  0.02897  0.00198  0.03849  0.03531 -0.02295
  5:11111        (2p) 3p 36   0.00003 -0.00009  0.00010  0.00146  0.00009 -0.00006  0.00000 -0.00024 -0.00175  0.00010  0.00004  0.00346 -0.00025 -0.00018  0.00004 -0.00013  0.00013  0.00023  0.00002  0.00233 -0.00004 -0.00099 -0.00426 -0.00025  0.00037  0.00482  0.01898  0.00276  0.00209 -0.01091 -0.00033 -0.04084 -0.04427  0.03272 -0.00298  0.97235  0.19731 -0.10168
  5:11111        (2d) 1d 37   0.00000 -0.00007  0.00431 -0.00030 -0.00001  0.00026  0.00001 -0.00006  0.00033 -0.01309 -0.00171 -0.00039 -0.01539 -0.01390  0.00001 -0.00034  0.00693 -0.00001  0.00057 -0.00044 -0.00006  0.00041  0.00112 -0.04056 -0.00718  0.00449  0.00357  0.02186 -0.05082 -0.00211  0.04591  0.00225 -0.02780  0.99242  0.00075 -0.03646  0.04068  0.06144
  5:11111        (2p) 1d 38   0.00000 -0.00004  0.00210 -0.00014 -0.00001 -0.00011 -0.00057 -0.00055  0.00001 -0.01153 -0.00005  0.00044 -0.00092 -0.00135  0.00001 -0.00030  0.00572 -0.00002  0.00020 -0.00032 -0.00130 -0.00172  0.00043 -0.02208  0.00094  0.00283  0.00130  0.00959  0.00739 -0.02231 -0.05281 -0.03684 -0.01583 -0.05942  0.19166 -0.16008  0.92598  0.26637
  1:11111        (2d 2.5)  1 -0.00008  0.61848  0.78495 -0.01063  0.00066 -0.00331  0.00179  0.00525 -0.00019 -0.00331 -0.00341 -0.00143 -0.00716 -0.03013  0.00001 -0.00265  0.00827  0.00004 -0.00280 -0.00053  0.00019  0.00175 -0.00001 -0.00589 -0.00087  0.00003 -0.00001  0.00038 -0.00504 -0.00381  0.00004  0.00121  0.00002 -0.00432 -0.00048  0.00023 -0.00153 -0.00222
  1:11111        (4s 1.5)  2  0.99954  0.00298 -0.00262 -0.02817  0.00001  0.00000  0.00000 -0.00003 -0.00065  0.00000  0.00000 -0.00002 -0.00002  0.00000 -0.01046 -0.00003  0.00002  0.00000  0.00000  0.00026  0.00000  0.00000 -0.00004  0.00000  0.00000  0.00001  0.00000  0.00000  0.00000  0.00000  0.00000  0.00000 -0.00002  0.00000  0.00000  0.00001  0.00000  0.00000
  1:11111        (2d 1.5)  3 -0.00139  0.78248 -0.61511  0.09044  0.00080 -0.00624  0.00025  0.00515 -0.00049  0.00419  0.00062  0.00051  0.03037 -0.00368  0.00000 -0.00243 -0.00696  0.00006 -0.00374  0.00016  0.00026  0.00200 -0.00028  0.00505  0.00027 -0.00079 -0.00048 -0.00349  0.00276 -0.00421  0.00024  0.00133 -0.00028  0.00365  0.00017 -0.00065  0.00208 -0.00116
  1:11111        (2p 1.5)  4  0.02841 -0.06441  0.06421  0.99378 -0.00036  0.00000  0.00001  0.00286  0.05667 -0.00010  0.00006  0.00170  0.00208 -0.00041  0.00001  0.00024 -0.00028 -0.00006 -0.00003 -0.00401  0.00001  0.00047  0.00829  0.00009 -0.00001 -0.00159 -0.00034  0.00008  0.00015 -0.00008  0.00001  0.00038  0.00360  0.00009  0.00001 -0.00114 -0.00013  0.00005
  2:11111        (2d 2.5)  5 -0.00001  0.00253 -0.00792  0.00075 -0.00013  0.00103 -0.00070 -0.00270  0.00010  0.00268  0.00242  0.00100  0.00584  0.02349 -0.00003  0.59144  0.80478  0.00518 -0.03271 -0.00286  0.00160  0.00513 -0.00007 -0.01337 -0.00336 -0.00059 -0.00030 -0.00034 -0.01834 -0.01024  0.00030  0.00176  0.00001 -0.00596 -0.00119  0.00037 -0.00357 -0.00519
  2:11111        (4s 1.5)  6  0.01045  0.00004 -0.00003 -0.00037  0.00000  0.00000  0.00000 -0.00002 -0.00059  0.00000  0.00000 -0.00001 -0.00001  0.00001  0.99952  0.00319 -0.00242  0.00001 -0.00022 -0.02893  0.00000 -0.00013 -0.00208 -0.00005  0.00000  0.00006  0.00002  0.00002 -0.00002  0.00001  0.00000 -0.00002 -0.00016 -0.00001  0.00000  0.00002  0.00000  0.00000
  2:11111        (2d 1.5)  7  0.00000  0.00285  0.00657 -0.00030 -0.00016  0.00178 -0.00013 -0.00275  0.00109 -0.00290 -0.00047 -0.00034 -0.02305  0.00239 -0.00155  0.80092 -0.58985  0.00639 -0.04682  0.08412  0.00068  0.00523  0.00300  0.01241  0.00078 -0.00315 -0.00200 -0.01497  0.00803 -0.01149  0.00034  0.00174 -0.00029  0.00522  0.00040 -0.00150  0.00499 -0.00316
  2:11111        (2p 1.5)  8  0.00015 -0.00026  0.00018  0.00411  0.00005 -0.00006  0.00000 -0.00072 -0.01650  0.00013  0.00000 -0.00016 -0.00020  0.00008  0.02922 -0.06584  0.05214 -0.00033  0.00538  0.99148  0.00015  0.00569  0.09229  0.00209  0.00005 -0.00362 -0.00095 -0.00126  0.00090 -0.00087  0.00003  0.00126  0.01256  0.00043  0.00003 -0.00141  0.00008 -0.00010
  3:11111        (2d 2.5)  9 -0.00063  0.00176  0.00972 -0.03852 -0.00089  0.00337 -0.23824  0.05149  0.65563  0.66152  0.06678  0.09232  0.18392  0.15158  0.00068 -0.00059 -0.00680  0.00014 -0.00053  0.01019  0.00494  0.00005  0.01104  0.02629  0.00553  0.00152 -0.00034 -0.00871  0.01720  0.00070  0.00235  0.00003  0.00498  0.01528  0.00295 -0.00079  0.00872  0.00286
  3:11111        (2d 2.5) 10  0.00048 -0.00586  0.00725  0.02741  0.00158  0.13137 -0.33532  0.68477 -0.52916  0.31071  0.06866 -0.06427  0.07856  0.08663 -0.00054  0.00150 -0.00410 -0.00027 -0.02717 -0.00712  0.00660 -0.00114 -0.00921  0.01275  0.00558 -0.00264 -0.00032  0.00194  0.01092 -0.01063  0.00304 -0.00057 -0.00449  0.00738  0.00252 -0.00193  0.00385  0.00052
  3:11111        (4s 1.5) 11  0.00001 -0.00943  0.00029 -0.00071  0.53743 -0.82505  0.01064  0.15605 -0.00391  0.00874  0.00075 -0.01916  0.02455 -0.05460  0.00000  0.00165  0.00041 -0.01068 -0.02705  0.00020  0.00120  0.01944 -0.00133  0.00006 -0.00055  0.00050 -0.00534 -0.00266 -0.00059 -0.02056  0.00091  0.01047 -0.00117  0.00019 -0.00051 -0.00093  0.00216 -0.00730
  3:11111        (2d 1.5) 12 -0.00048 -0.00267 -0.00786 -0.02815  0.00071  0.13179  0.34124  0.69877  0.46076 -0.37112 -0.07540  0.11795 -0.04905 -0.05945  0.00052  0.00000  0.00413 -0.00032 -0.02700  0.00740 -0.00626  0.00008  0.00935 -0.01215 -0.00463  0.00380  0.00140  0.00828 -0.00592 -0.01193 -0.00283  0.00071  0.00445 -0.00715 -0.00255  0.00143 -0.00377 -0.00274
  3:11111        (2p 1.5) 13  0.00010 -0.00855  0.02021  0.00293  0.01512 -0.01073 -0.06093 -0.05751 -0.12545 -0.19890 -0.13126  0.67469  0.65695  0.17798 -0.00014  0.00617 -0.01431  0.00015 -0.01083 -0.00116  0.00471  0.00129  0.00417  0.02362  0.00208 -0.00503 -0.00071  0.00290  0.00005 -0.00424  0.00195  0.00076  0.00099  0.01100  0.00090 -0.00253 -0.00109 -0.00045
  3:11111        (4s 1.5) 14  0.00000 -0.00552  0.00019 -0.00060 -0.84254 -0.52392  0.01134  0.10022 -0.00819  0.00831  0.00790  0.00631  0.03131 -0.05577 -0.00001  0.00111  0.00027  0.01653 -0.01844  0.00011  0.00068  0.01278 -0.00078 -0.00001 -0.00050 -0.00206  0.00713 -0.00245 -0.00031 -0.01354  0.00056  0.00688 -0.00074  0.00010 -0.00039 -0.00074  0.00135 -0.00459
  3:11111        (2d 1.5) 15  0.00021 -0.00113  0.00935  0.01165  0.00210  0.00942  0.82114 -0.00208 -0.21722  0.44945 -0.13862 -0.04098  0.13194  0.19155 -0.00024  0.00023 -0.00614 -0.00015 -0.00012 -0.00300 -0.01449 -0.00007 -0.00451  0.02061 -0.00674 -0.00213 -0.00089 -0.00552  0.01420  0.00076 -0.00632 -0.00016 -0.00231  0.01185 -0.00263 -0.00184  0.00680  0.00268
  3:11111        (2p 1.5) 16 -0.00005  0.02064  0.01331 -0.00162 -0.02408 -0.07663 -0.12734  0.00381  0.05493 -0.19674 -0.34411 -0.22828 -0.12990  0.86359  0.00006 -0.01359 -0.01055 -0.00017  0.02976  0.00049  0.00817 -0.00210 -0.00196  0.01561  0.00525  0.00153  0.00017 -0.00181 -0.00178  0.01327  0.00307 -0.00189 -0.00056  0.00724  0.00265  0.00132 -0.00101  0.00235
  3:11111        (2p 0.5) 17  0.00006  0.01687 -0.01007  0.00702  0.00020 -0.04709  0.03395 -0.00279 -0.08761  0.13382  0.18286  0.66962 -0.67348  0.18452 -0.00008 -0.01160  0.00697 -0.00019  0.02370 -0.00326 -0.00424 -0.00133  0.00491 -0.01309 -0.00225 -0.00457 -0.00108 -0.00135 -0.00031  0.01027 -0.00173 -0.00110  0.00171 -0.00605 -0.00086 -0.00200 -0.00037  0.00211
  3:11111        (2p 0.5) 18 -0.00001  0.00505  0.01315 -0.00160  0.00023 -0.01399  0.13430 -0.00512  0.01759 -0.16772  0.89238 -0.12441  0.18060  0.32823  0.00002 -0.00306 -0.00972 -0.00013  0.00703  0.00066 -0.01549  0.00011 -0.00110  0.01620 -0.01150  0.00082  0.00015  0.00014  0.00074  0.00336 -0.00570 -0.00018 -0.00044  0.00748 -0.00547  0.00037  0.00023  0.00115
  4:11111        (2d 2.5) 19 -0.00011  0.00023  0.00442 -0.00544 -0.00007  0.00029 -0.00517 -0.00034 -0.01013 -0.01866 -0.00647 -0.00678 -0.02468 -0.02167 -0.00041  0.00112  0.01411 -0.00033  0.00116 -0.06352 -0.23863  0.04892  0.65282  0.70617  0.02761  0.01446 -0.00017 -0.04135  0.07620  0.00253  0.00490 -0.00007  0.01011  0.03106  0.00550 -0.00009  0.01560  0.00480
  4:11111        (2d 2.5) 20  0.00009 -0.00193  0.00255  0.00355  0.00015  0.01573 -0.00720 -0.00101  0.00827 -0.00924 -0.00630  0.00474 -0.01273 -0.00941  0.00032 -0.00422  0.00850  0.00055  0.05353  0.04442 -0.32342  0.69478 -0.53711  0.33588  0.02859 -0.01670 -0.00204  0.01261  0.04997 -0.03830  0.00634 -0.00115 -0.00913  0.01489  0.00489 -0.00418  0.00629  0.00193
  4:11111        (4s 1.5) 21  0.00000 -0.00310 -0.00004 -0.00020  0.01056  0.02048 -0.00147 -0.03688  0.00250 -0.00037  0.00156 -0.00048 -0.02373  0.02756  0.00001 -0.05451  0.00057  0.53712 -0.83593  0.00072  0.00611  0.06193 -0.00084  0.00324  0.00205 -0.01532 -0.01266  0.01371 -0.01582 -0.03754  0.00131  0.01615 -0.00190 -0.00019 -0.00071 -0.00120  0.00296 -0.00989
  4:11111        (2d 1.5) 22 -0.00009 -0.00140 -0.00266 -0.00379  0.00019  0.01562  0.00669 -0.00153 -0.00815  0.00881  0.00609 -0.00402  0.01116  0.01312 -0.00032 -0.00063 -0.00990 -0.00027  0.05383 -0.04690  0.35969  0.70695  0.46968 -0.36659 -0.03255  0.07008  0.01201 -0.01413  0.01601 -0.05364 -0.00583  0.00145  0.00930 -0.01368 -0.00477  0.00354 -0.00672 -0.00384
  4:11111        (2p 1.5) 23  0.00004 -0.00154  0.00351  0.00125  0.00015  0.00373 -0.00362 -0.00220 -0.00316 -0.01633 -0.00224  0.00525 -0.00319 -0.00074  0.00006 -0.00725  0.01366  0.01555 -0.01848  0.00559 -0.04203 -0.05640 -0.06177 -0.05269 -0.10456  0.54574  0.04823 -0.63937  0.49666 -0.13948  0.00642  0.00123  0.00635  0.03321  0.00177 -0.00518 -0.00240 -0.00080
  4:11111        (4s 1.5) 24  0.00000 -0.00198 -0.00003 -0.00015 -0.01638  0.01357 -0.00092 -0.02414  0.00154 -0.00015  0.00119  0.00025 -0.01485  0.01718  0.00001 -0.02550  0.00083 -0.84252 -0.53259  0.00097  0.00712  0.03855 -0.00371  0.00503  0.00803  0.00071  0.01450 -0.01669 -0.02205 -0.03906  0.00071  0.01068 -0.00108 -0.00018 -0.00059 -0.00103  0.00184 -0.00628
  4:11111        (2d 1.5) 25  0.00004 -0.00018  0.00369  0.00142  0.00010  0.00059  0.01605 -0.00005  0.00385 -0.01488  0.00923  0.00137 -0.01886 -0.01718  0.00015 -0.00164  0.01183  0.00159  0.00409  0.01904  0.83389 -0.02489 -0.22395  0.47944 -0.06237 -0.02613 -0.00309  0.00808  0.12421  0.03384 -0.01315 -0.00043 -0.00482  0.02458 -0.00536 -0.00362  0.01205  0.00491
  4:11111        (2p 1.5) 26 -0.00002  0.00364  0.00226 -0.00060 -0.00029 -0.01049 -0.00659  0.00192  0.00123 -0.01006 -0.00541 -0.00174  0.00225 -0.00457 -0.00003  0.01201  0.00923 -0.02449 -0.04232 -0.00228 -0.09048  0.00469  0.02914 -0.10157 -0.29704 -0.16725  0.01707  0.39081  0.72534  0.42612  0.01056 -0.00384 -0.00335  0.02286  0.00539  0.00268 -0.00178  0.00511
  4:11111        (2p 0.5) 27  0.00003  0.00291 -0.00167  0.00200  0.00003 -0.00844  0.00315  0.00199 -0.00371  0.00908  0.00206  0.00416  0.00279 -0.00222  0.00003  0.01074 -0.00640  0.00017 -0.02067  0.00708  0.01282 -0.00128 -0.02338  0.04820  0.17787  0.77569  0.20352  0.45301 -0.16358  0.29815 -0.00587 -0.00107  0.00812 -0.01835 -0.00179 -0.00409 -0.00066  0.00422
  4:11111        (2p 0.5) 28 -0.00001  0.00090  0.00224 -0.00043  0.00005 -0.00251  0.01201  0.00021  0.00067 -0.01130  0.01014 -0.00077 -0.00038 -0.00276 -0.00001  0.00287  0.00898  0.00010 -0.00613 -0.00143  0.04867 -0.00199  0.00525 -0.06012  0.92755 -0.14324 -0.02916 -0.05035  0.31422  0.09692 -0.02037  0.00012 -0.00207  0.02292 -0.01136  0.00075  0.00041  0.00232
  5:11111        (2d 2.5) 29 -0.00005  0.00008  0.00286 -0.00223 -0.00003  0.00013 -0.00251 -0.00020 -0.00490 -0.00900 -0.00270 -0.00236 -0.01078 -0.00948 -0.00013  0.00020  0.00449 -0.00007  0.00027 -0.00772 -0.00479  0.00001 -0.01118 -0.02826 -0.01092 -0.00412  0.00041  0.01745 -0.03441 -0.00143 -0.23383  0.07417  0.64461  0.72067  0.01456  0.00129  0.03992  0.01181
  5:11111        (2d 2.5) 30  0.00004 -0.00116  0.00156  0.00135  0.00007  0.00803 -0.00349 -0.00047  0.00399 -0.00451 -0.00257  0.00165 -0.00585 -0.00371  0.00011 -0.00131  0.00254  0.00012  0.01339  0.00524 -0.00642  0.00115  0.00934 -0.01366 -0.01113  0.00587  0.00078 -0.00446 -0.02213  0.02306 -0.30631  0.67552 -0.57464  0.34226  0.01316 -0.01159  0.01545  0.00595
  5:11111        (4s 1.5) 31  0.00000 -0.00191 -0.00003 -0.00012  0.00514  0.00975 -0.00064 -0.01589  0.00108 -0.00011  0.00061 -0.00020 -0.00902  0.01042  0.00000 -0.00311 -0.00017  0.01028  0.02938 -0.00041 -0.00383 -0.06097  0.00415 -0.00240  0.02907 -0.03816  0.58022  0.33688  0.22161 -0.70084  0.00460  0.03356 -0.00111  0.00125  0.00131 -0.01589 -0.02146 -0.01029
  5:11111        (2d 1.5) 32 -0.00004 -0.00093 -0.00162 -0.00149  0.00010  0.00797  0.00321 -0.00074 -0.00393  0.00423  0.00252 -0.00129  0.00452  0.00610 -0.00010 -0.00048 -0.00283  0.00014  0.01312 -0.00558  0.00628  0.00006 -0.00937  0.01394  0.00930 -0.00876 -0.00395 -0.01707  0.01126  0.02690  0.37386  0.72734  0.44554 -0.35280 -0.01927  0.05020  0.05445 -0.01862
  5:11111        (2p 1.5) 33  0.00002 -0.00066  0.00149  0.00081  0.00006  0.00194 -0.00171 -0.00114 -0.00108 -0.00781 -0.00108  0.00260 -0.00131 -0.00031  0.00003 -0.00173  0.00392  0.00018  0.00340  0.00118 -0.00308 -0.00209 -0.00239 -0.01534 -0.00153  0.00426  0.01787  0.00755  0.00624 -0.01796 -0.03677 -0.05931 -0.04606 -0.01050 -0.07633  0.47301  0.86412 -0.12452
  5:11111        (4s 1.5) 34  0.00000 -0.00123 -0.00002 -0.00009 -0.00798  0.00648 -0.00039 -0.01040  0.00065 -0.00004  0.00048  0.00010 -0.00566  0.00651  0.00000 -0.00171 -0.00010 -0.01595  0.01919 -0.00031 -0.00261 -0.03993  0.00278 -0.00132  0.02014  0.20951 -0.78546  0.33656  0.15502 -0.44401  0.00573  0.01966 -0.00328  0.00370  0.00766  0.00579 -0.00434 -0.03496
  5:11111        (2d 1.5) 35  0.00002 -0.00009  0.00231  0.00051  0.00004  0.00027  0.00769 -0.00003  0.00185 -0.00723  0.00362  0.00042 -0.00819 -0.00743  0.00005 -0.00036  0.00371  0.00007  0.00054  0.00219  0.01447  0.00005  0.00452 -0.02158  0.01411  0.00430  0.00312  0.01020 -0.02913  0.00039  0.83820 -0.05895 -0.22866  0.47689 -0.03887 -0.03014  0.05014  0.08456
  5:11111        (2p 1.5) 36 -0.00001  0.00153  0.00093 -0.00038 -0.00013 -0.00551 -0.00308  0.00139  0.00038 -0.00488 -0.00264 -0.00086  0.00113 -0.00218 -0.00001  0.00365  0.00271 -0.00030 -0.00840 -0.00051 -0.00545 -0.00012  0.00124 -0.00905 -0.00509  0.00443 -0.02334  0.01131  0.00772 -0.02789 -0.07889  0.00872  0.02356 -0.06950 -0.28047 -0.24204  0.23338  0.89149
  5:11111        (2p 0.5) 37  0.00002  0.00119 -0.00068  0.00114  0.00002 -0.00441  0.00150  0.00133 -0.00132  0.00436  0.00101  0.00213  0.00130 -0.00112  0.00002  0.00309 -0.00183  0.00005 -0.00700  0.00197  0.00250  0.00044 -0.00325  0.00821  0.00220  0.00461  0.00111  0.00149  0.00021 -0.01107  0.00620  0.00000 -0.01065  0.02283  0.14535  0.82925 -0.38719  0.37453
  5:11111        (2p 0.5) 38  0.00000  0.00038  0.00093 -0.00024  0.00002 -0.00132  0.00566  0.00021  0.00022 -0.00541  0.00501 -0.00040 -0.00013 -0.00128  0.00000  0.00083  0.00260  0.00003 -0.00208 -0.00040  0.00928 -0.00018  0.00073 -0.01019  0.01133 -0.00083 -0.00016 -0.00018 -0.00055 -0.00361  0.02202 -0.00049  0.00270 -0.02868  0.94431 -0.16138  0.20107  0.20015
1  eigenvalues      (j= 3.0)

                              938.058 1047.630 1062.051 1103.180 1105.959 1110.688 1125.452 1143.851 1149.862 1154.990 1253.667 1258.017 1265.190 1314.282 1314.987 1316.653 1323.819 1352.610 1353.529 1354.098 1357.582 1358.786 1409.806 1410.025 1411.008 1414.907 1447.768 1449.191 1450.364
                    1         11111    11111    11111    11111    11111    11111    11111    11111    11111    11111    11111    11111    11111    11111    11111    11111    11111    11111    11111    11111    11111    11111    11111    11111    11111    11111    11111    11111    11111   
                              (2d) 3d  (4s) 5d  (4s) 3d  (2d) 3f  (2d) 3g  (2d) 3d  (2d) 1f  (2p) 3f  (2p) 3d  (2p) 1f  (2d) 3d  (4s) 5d  (4s) 3d  (2d) 3f  (2d) 3g  (2d) 3d  (2d) 1f  (2p) 3f  (4s) 5d  (2p) 3d  (2p) 1f  (4s) 3d  (2d) 3f  (2d) 3g  (2d) 3d  (2d) 1f  (2p) 3f  (2p) 3d  (2p) 1f 
  1:11111        (2d) 3d  1   0.99947  0.00112 -0.00746  0.00159  0.00022  0.00914 -0.00207 -0.00256 -0.02845  0.00160 -0.00359  0.00008 -0.00473  0.00038  0.00005  0.00293 -0.00026 -0.00051 -0.00013 -0.00268 -0.00029 -0.00556  0.00026  0.00001  0.00192 -0.00008 -0.00028 -0.00228  0.00010
  2:11111        (2d) 3d  2   0.00381 -0.00021  0.00216 -0.00066 -0.00010 -0.00469  0.00112  0.00177  0.02145 -0.00133  0.99765  0.00892 -0.05982  0.00184  0.00022  0.00860 -0.00134 -0.00227 -0.00054 -0.01316 -0.00088 -0.01506  0.00056  0.00002  0.00282 -0.00028 -0.00073 -0.00583  0.00015
  3:11111        (4s) 5d  3  -0.00059  0.99925 -0.01560 -0.00645  0.00069 -0.00129  0.00293 -0.01418  0.02293 -0.00110 -0.00002 -0.01968  0.00067  0.00016 -0.00001  0.00000 -0.00005  0.00028 -0.00913  0.00008  0.00002  0.00009  0.00005 -0.00001  0.00000 -0.00002  0.00012 -0.00017  0.00001
  3:11111        (2d) 3g  4   0.00000 -0.00058 -0.00191 -0.10271  0.99216 -0.00709 -0.01948  0.04925 -0.00045  0.04507  0.00000  0.00001  0.00002  0.00113 -0.01203  0.00010  0.00046 -0.00061  0.00000  0.00006 -0.00034  0.00004  0.00021 -0.00567  0.00003  0.00024 -0.00028  0.00003 -0.00022
  3:11111        (2d) 3f  5  -0.00032  0.00276  0.00513  0.97855  0.10873 -0.01563  0.01583 -0.16256  0.05259  0.01931 -0.00023 -0.00037  0.00016 -0.01756 -0.00121  0.00054  0.00038 -0.01104 -0.00013  0.00096 -0.00051  0.00003 -0.00780 -0.00005  0.00046  0.00008 -0.00495  0.00030 -0.00040
  3:11111        (2p) 3f  6   0.00004  0.01721  0.01720  0.17053 -0.03236  0.00457 -0.05576  0.97969 -0.07554  0.00716  0.00003 -0.00020 -0.00062 -0.01822 -0.00123  0.00073  0.00072 -0.01338 -0.00009  0.00127 -0.00059 -0.00018 -0.00677  0.00004  0.00044  0.00023 -0.00638  0.00047 -0.00044
  3:11111        (4s) 3d  7   0.01122  0.01334  0.97810 -0.01266  0.00122 -0.18880  0.01068 -0.00874  0.06095 -0.02882 -0.00173 -0.00014  0.03270 -0.00168 -0.00027 -0.02409  0.00054  0.00103  0.00018  0.00281  0.00089  0.02399 -0.00133 -0.00006 -0.01302  0.00018  0.00104  0.00824 -0.00060
  3:11111        (2d) 3d  8  -0.00634  0.00299  0.18787  0.00977  0.00819  0.97969  0.00399 -0.00517  0.05256  0.01191  0.00072 -0.00048 -0.03786  0.00011 -0.00010 -0.00078 -0.00009  0.00107  0.00019  0.00792 -0.00072 -0.01588  0.00010 -0.00005  0.00014 -0.00007  0.00000 -0.00138  0.00034
  3:11111        (2p) 3d  9   0.02863 -0.02307 -0.07211 -0.03805 -0.00490 -0.03582  0.06197  0.08831  0.98719 -0.04754 -0.01903 -0.00031  0.03937 -0.00068  0.00001 -0.00279 -0.00007 -0.00037 -0.00012 -0.00312  0.00072  0.01725 -0.00039  0.00002 -0.00237 -0.00002  0.00024  0.00309 -0.00037
  3:11111        (2d) 1f 10   0.00024 -0.00073 -0.00337 -0.00749  0.01064 -0.00124  0.98785  0.05231 -0.06157  0.11707  0.00031 -0.00006 -0.00004 -0.00104 -0.00001 -0.00051  0.05088  0.00091 -0.00014 -0.00208  0.01596 -0.00218 -0.00077  0.00015 -0.00044  0.02818  0.00019 -0.00115  0.00945
  3:11111        (2p) 1f 11   0.00012  0.00028  0.02315 -0.01710 -0.04863 -0.01846 -0.11463 -0.00844  0.05575  0.98946  0.00012 -0.00002  0.00012 -0.00089 -0.00139 -0.00013  0.01812 -0.00014 -0.00004 -0.00072  0.02294 -0.00212 -0.00057 -0.00055 -0.00015  0.01093 -0.00037 -0.00041  0.01185
  4:11111        (4s) 5d 12  -0.00004  0.01949 -0.00016 -0.00003  0.00003 -0.00009  0.00010 -0.00033  0.00099 -0.00005 -0.00932  0.99907 -0.01394 -0.00391  0.00104 -0.00144  0.00259 -0.01345 -0.01803  0.02273  0.00053  0.01249  0.00027 -0.00001 -0.00005 -0.00006  0.00025 -0.00018  0.00001
  4:11111        (2d) 3g 13   0.00000 -0.00001 -0.00002 -0.00135  0.01191 -0.00010 -0.00012  0.00060  0.00001  0.00103 -0.00007 -0.00059 -0.00165 -0.10754  0.99108 -0.00788 -0.02384  0.04931 -0.00009 -0.00592  0.05282 -0.00499  0.00000 -0.01187  0.00010  0.00098 -0.00061  0.00004 -0.00009
  4:11111        (2d) 3f 14  -0.00003  0.00024  0.00039  0.01920  0.00141 -0.00024 -0.00052  0.01415 -0.00018  0.00074 -0.00058  0.00153  0.00116  0.98900  0.10925 -0.04189  0.01139 -0.06042  0.00175  0.04824  0.02635  0.02113 -0.01643 -0.00003  0.00088  0.00043 -0.00971  0.00072 -0.00059
  4:11111        (2p) 3f 15   0.00001  0.00031  0.00016  0.01419  0.00086  0.00010 -0.00031  0.01217 -0.00061  0.00058  0.00062  0.01722  0.01514  0.07139 -0.04401  0.00874 -0.03631  0.98538 -0.00330 -0.13388  0.01916 -0.02555 -0.02413 -0.00030  0.00182  0.00135 -0.01328  0.00078 -0.00085
  4:11111        (4s) 3d 16   0.00369  0.00016 -0.02492  0.00204  0.00040  0.04580 -0.00250 -0.00290 -0.03901  0.00378  0.06182  0.01360  0.99155 -0.00566  0.00258 -0.07234  0.00400 -0.01276 -0.00007 -0.00107 -0.02160  0.04556 -0.00186 -0.00006 -0.02010 -0.00004  0.00149  0.01115 -0.00101
  4:11111        (2d) 3d 17  -0.00238  0.00028  0.02231 -0.00028  0.00006 -0.00194  0.00037 -0.00026  0.00229 -0.00088 -0.00393  0.00151  0.07576  0.03757  0.01223  0.99260  0.00850 -0.00363  0.00264  0.06982  0.00846 -0.04328  0.00018 -0.00012  0.00014  0.00000  0.00021 -0.00092  0.00061
  4:11111        (2p) 3d 18   0.00501 -0.00025 -0.01451  0.00025 -0.00001  0.00380 -0.00084 -0.00040 -0.00627  0.00067  0.01863 -0.02348 -0.02541 -0.04613 -0.00495 -0.03176  0.04961  0.13232  0.04542  0.83309  0.03515  0.52691 -0.00128  0.00009 -0.00368 -0.00104  0.00035  0.00637 -0.00087
  4:11111        (2d) 1f 19   0.00001  0.00002 -0.00024  0.00054  0.00021  0.00037 -0.05055 -0.00298  0.00263 -0.02632  0.00033 -0.00087 -0.00171 -0.01033  0.01787 -0.00636  0.99286  0.02972 -0.00269 -0.04883  0.05435 -0.02828 -0.00178  0.00043 -0.00083  0.05704  0.00031 -0.00199  0.01417
  4:11111        (2p) 1f 20   0.00002  0.00000 -0.00054  0.00035  0.00064  0.00078 -0.01141 -0.00071 -0.00070 -0.02403  0.00135  0.00032  0.02411 -0.02057 -0.05573 -0.01265 -0.05761 -0.02303  0.00104  0.01246  0.99184 -0.07662 -0.00190 -0.00211  0.00006  0.02815 -0.00093 -0.00087  0.02434
  5:11111        (4s) 5d 21  -0.00002  0.00949 -0.00010 -0.00003  0.00001 -0.00004  0.00004 -0.00015  0.00036 -0.00002 -0.00029  0.01898  0.00003  0.00027  0.00007 -0.00014  0.00025 -0.00367  0.99824 -0.04463 -0.00167 -0.01392 -0.00309  0.00136 -0.00137  0.00250 -0.01378  0.02548 -0.00094
  5:11111        (2d) 3g 22   0.00000  0.00000 -0.00001 -0.00064  0.00578 -0.00004 -0.00007  0.00029  0.00000  0.00041  0.00000 -0.00001  0.00000 -0.00149  0.01162 -0.00014 -0.00002  0.00059 -0.00056  0.00068  0.00201 -0.00157 -0.04464  0.99564 -0.00495 -0.02975  0.04778 -0.00530  0.05750
  5:11111        (2d) 3f 23  -0.00001  0.00011  0.00018  0.00923  0.00070 -0.00012 -0.00022  0.00571 -0.00004  0.00030 -0.00006  0.00018  0.00032  0.01723  0.00115 -0.00061 -0.00019  0.02233  0.00117 -0.00192  0.00187  0.00014  0.99381  0.04492 -0.07011  0.01633 -0.03032  0.05117  0.02601
  5:11111        (2p) 3f 24   0.00000  0.00015  0.00010  0.00668  0.00039  0.00001 -0.00020  0.00599 -0.00027  0.00024  0.00002  0.00029 -0.00008  0.01108  0.00054  0.00040  0.00023  0.01249  0.01686 -0.00949  0.00212  0.01227  0.03805 -0.05002  0.01020 -0.03161  0.98836 -0.12193  0.04830
  5:11111        (4s) 3d 25   0.00228  0.00008 -0.01186  0.00088  0.00017  0.01974 -0.00101 -0.00114 -0.01478  0.00146  0.00349  0.00015 -0.03560  0.00558  0.00089  0.07568 -0.00360 -0.05173 -0.01222 -0.52436  0.07269  0.84076 -0.00304  0.00337 -0.03738  0.00191 -0.01198  0.00744 -0.02524
  5:11111        (2d) 3d 26  -0.00148  0.00013  0.01138 -0.00016  0.00003 -0.00095  0.00021 -0.00006  0.00169 -0.00043 -0.00130  0.00022  0.01892  0.00001  0.00011  0.00081  0.00018 -0.00202  0.00031 -0.01659  0.00183  0.03471  0.06738  0.00843  0.99595  0.01472 -0.00908  0.03259  0.01132
  5:11111        (2p) 3d 27   0.00209 -0.00011 -0.00756  0.00015  0.00000  0.00239 -0.00035 -0.00016 -0.00292  0.00035  0.00516 -0.00026 -0.01215  0.00007 -0.00003  0.00170 -0.00102 -0.00057 -0.02396 -0.00045 -0.00077 -0.01016 -0.04948 -0.00147 -0.02776  0.04532  0.12639  0.98883 -0.00613
  5:11111        (2d) 1f 28   0.00000  0.00001 -0.00012  0.00029  0.00013  0.00019 -0.02368 -0.00134  0.00115 -0.01239  0.00001  0.00002 -0.00030  0.00077 -0.00004  0.00056 -0.05714 -0.00213 -0.00073  0.00429 -0.03273  0.00392 -0.01580  0.02554 -0.01236  0.99475  0.02613 -0.04988  0.03405
  5:11111        (2p) 1f 29   0.00001  0.00000 -0.00025  0.00019  0.00034  0.00031 -0.00622 -0.00035 -0.00021 -0.01152  0.00002  0.00000 -0.00074  0.00044  0.00053  0.00157 -0.01156 -0.00141 -0.00026 -0.01181 -0.02275  0.02309 -0.02580 -0.05711 -0.01042 -0.03294 -0.05025  0.01262  0.99534
  1:11111        (2d 2.5)  1  0.99947  0.00112 -0.00746  0.00159  0.00022  0.00914 -0.00207 -0.00256 -0.02845  0.00160 -0.00359  0.00008 -0.00473  0.00038  0.00005  0.00293 -0.00026 -0.00051 -0.00013 -0.00268 -0.00029 -0.00556  0.00026  0.00001  0.00192 -0.00008 -0.00028 -0.00228  0.00010
  2:11111        (2d 2.5)  2  0.00381 -0.00021  0.00216 -0.00066 -0.00010 -0.00469  0.00112  0.00177  0.02145 -0.00133  0.99765  0.00892 -0.05982  0.00184  0.00022  0.00860 -0.00134 -0.00227 -0.00054 -0.01316 -0.00088 -0.01506  0.00056  0.00002  0.00282 -0.00028 -0.00073 -0.00583  0.00015
  3:11111        (2d 2.5)  3 -0.00484  0.00200  0.14585  0.01871 -0.13718  0.76995  0.59879  0.01988  0.00442  0.07278  0.00075 -0.00041 -0.02977 -0.00071  0.00173 -0.00094  0.03039  0.00148  0.00006  0.00497  0.00906 -0.01379 -0.00042  0.00091 -0.00016  0.01681  0.00015 -0.00178  0.00597
  3:11111        (2d 2.5)  4  0.00261  0.00048 -0.07783  0.71262 -0.19698 -0.42863  0.49884 -0.10079 -0.01532  0.05340 -0.00032 -0.00009  0.01628 -0.01329  0.00253  0.00043  0.02510 -0.00765 -0.00024 -0.00375  0.00786  0.00573 -0.00600  0.00163  0.00004  0.01382 -0.00333  0.00023  0.00427
  3:11111        (4s 1.5)  5  0.00755 -0.76558  0.63068 -0.00301  0.00023 -0.11841  0.00448  0.00545  0.02078 -0.01738 -0.00108  0.01516  0.02017 -0.00119 -0.00016 -0.01524  0.00038  0.00043  0.00718  0.00171  0.00055  0.01510 -0.00088 -0.00003 -0.00823  0.00013  0.00057  0.00534 -0.00039
  3:11111        (2d 1.5)  6 -0.00305  0.00343  0.08508  0.67126  0.35074  0.40652 -0.47645 -0.12911  0.08970 -0.02608 -0.00001 -0.00044 -0.01605 -0.01155 -0.00424  0.00032 -0.02457 -0.00796  0.00006  0.00510 -0.00858 -0.00569 -0.00504 -0.00171  0.00060 -0.01371 -0.00367  0.00019 -0.00483
  3:11111        (2p 1.5)  7  0.02420 -0.02187 -0.05142 -0.06634 -0.02443 -0.04042  0.00137 -0.07593  0.87252  0.46979 -0.01599 -0.00024  0.03335  0.00168 -0.00052 -0.00252  0.00919  0.00161 -0.00011 -0.00319  0.01254  0.01348  0.00038 -0.00027 -0.00214  0.00559  0.00097  0.00232  0.00587
  3:11111        (4s 1.5)  8  0.00832  0.64231  0.74777 -0.01389  0.00138 -0.14706  0.01013 -0.01574  0.06172 -0.02302 -0.00135 -0.01255  0.02576 -0.00120 -0.00021 -0.01866  0.00039  0.00098 -0.00563  0.00223  0.00070  0.01863 -0.00100 -0.00005 -0.01009  0.00013  0.00089  0.00628 -0.00046
  3:11111        (2d 1.5)  9  0.00092 -0.00121 -0.02768 -0.09745  0.90319 -0.13520  0.37695  0.06627 -0.03192  0.08616  0.00003  0.00005  0.00496  0.00060 -0.01090 -0.00001  0.02078 -0.00033 -0.00008 -0.00182  0.00616  0.00124 -0.00013 -0.00508 -0.00017  0.01150 -0.00018 -0.00026  0.00354
  3:11111        (2p 1.5) 10 -0.00729  0.01870  0.04582  0.12355 -0.05312  0.00090 -0.12921  0.68733 -0.27480  0.64330  0.00502 -0.00008 -0.01054 -0.01369 -0.00178  0.00118  0.01201 -0.00976 -0.00006  0.00128  0.01389 -0.00592 -0.00521 -0.00032  0.00084  0.00708 -0.00495 -0.00071  0.00727
  3:11111        (2p 0.5) 11  0.01345  0.00043 -0.03590  0.10563  0.00420 -0.00318  0.05822  0.69963  0.38282 -0.58890 -0.00902 -0.00027  0.01808 -0.01195 -0.00001 -0.00075 -0.01002 -0.00901 -0.00009 -0.00021 -0.01330  0.00923 -0.00437  0.00036 -0.00074 -0.00617 -0.00393  0.00200 -0.00731
  4:11111        (2d 2.5) 12 -0.00186  0.00024  0.01738  0.00031 -0.00163 -0.00129 -0.03002 -0.00208  0.00337 -0.01664 -0.00288  0.00075  0.05874  0.03957 -0.12951  0.77714  0.60600  0.00753  0.00048  0.02644  0.03127 -0.05021 -0.00092  0.00196 -0.00040  0.03408  0.00044 -0.00192  0.00899
  4:11111        (2d 2.5) 13  0.00101  0.00006 -0.00938  0.01434 -0.00224  0.00087 -0.02526  0.00849  0.00018 -0.01228  0.00145  0.00017 -0.03195  0.70807 -0.19449 -0.45500  0.49744 -0.04031 -0.00118 -0.01802  0.02697  0.02098 -0.01256  0.00354  0.00013  0.02797 -0.00663 -0.00008  0.00629
  4:11111        (4s 1.5) 14  0.00237 -0.01500 -0.01564  0.00131  0.00023  0.02904 -0.00166 -0.00158 -0.02544  0.00243  0.04632 -0.76527  0.63791 -0.00056  0.00083 -0.04464  0.00053  0.00235  0.01393 -0.01828 -0.01407  0.01914 -0.00139 -0.00003 -0.01267  0.00002  0.00075  0.00719 -0.00064
  4:11111        (2d 1.5) 15 -0.00104  0.00027  0.00993  0.01281  0.00422 -0.00121  0.02452  0.01152 -0.00043  0.01333 -0.00227  0.00199  0.03359  0.69059  0.34900  0.39576 -0.48133 -0.04514  0.00366  0.08624  0.01029  0.00890 -0.01067 -0.00358  0.00112 -0.02736 -0.00710  0.00111 -0.00713
  4:11111        (2p 1.5) 16  0.00424 -0.00025 -0.01254 -0.00172  0.00020  0.00360 -0.00655 -0.00252 -0.00556 -0.01193  0.01632 -0.02220 -0.01123 -0.06017 -0.02639 -0.03462  0.01750 -0.04720  0.03933  0.72892  0.53897  0.40857  0.00153 -0.00097 -0.00334  0.01346  0.00179  0.00481  0.01196
  4:11111        (4s 1.5) 17  0.00283  0.01245 -0.01940  0.00156  0.00033  0.03542 -0.00187 -0.00246 -0.02959  0.00289  0.04200  0.64240  0.75924 -0.00686  0.00266 -0.05695  0.00473 -0.01839 -0.01146  0.01355 -0.01640  0.04319 -0.00127 -0.00006 -0.01560 -0.00007  0.00131  0.00853 -0.00078
  4:11111        (2d 1.5) 18  0.00032 -0.00004 -0.00303 -0.00097  0.01088  0.00031 -0.02038 -0.00062  0.00076 -0.00948  0.00058 -0.00108 -0.01210 -0.10661  0.90457 -0.13965  0.37441  0.05709 -0.00150 -0.03404  0.06854 -0.01017 -0.00074 -0.01058 -0.00026  0.02371 -0.00046 -0.00064  0.00550
  4:11111        (2p 1.5) 19 -0.00128  0.00029  0.00352  0.01052  0.00103 -0.00041 -0.00722  0.00854  0.00073 -0.01494 -0.00350  0.01884  0.03287  0.05103 -0.06611  0.00658 -0.07576  0.67089 -0.01348 -0.30500  0.63221 -0.20317 -0.01849 -0.00157  0.00231  0.01906 -0.01037 -0.00163  0.01500
  4:11111        (2p 0.5) 20  0.00236  0.00008 -0.00642  0.00938  0.00020  0.00141  0.00599  0.00833 -0.00296  0.01457  0.00842  0.00022 -0.01581  0.03772  0.00051 -0.00184  0.03245  0.73259  0.01861  0.29627 -0.54329  0.27559 -0.01559  0.00106 -0.00055 -0.01584 -0.00815  0.00402 -0.01503
  5:11111        (2d 2.5) 21 -0.00116  0.00011  0.00886  0.00014 -0.00077 -0.00063 -0.01404 -0.00090  0.00202 -0.00783 -0.00101  0.00018  0.01468  0.00070 -0.00170  0.00099 -0.03414 -0.00295 -0.00011 -0.01056 -0.01851  0.02986  0.05020 -0.12858  0.77573  0.61291  0.00132 -0.00352  0.02063
  5:11111        (2d 2.5) 22  0.00063  0.00003 -0.00480  0.00692 -0.00105  0.00043 -0.01182  0.00333 -0.00019 -0.00579  0.00051  0.00005 -0.00801  0.01297 -0.00248 -0.00047 -0.02820  0.01544  0.00049  0.00765 -0.01605 -0.01239  0.67857 -0.23586 -0.48014  0.50084 -0.01802 -0.00072  0.01425
  5:11111        (4s 1.5) 23  0.00145 -0.00730 -0.00743  0.00058  0.00010  0.01251 -0.00067 -0.00061 -0.00963  0.00094  0.00243 -0.01461 -0.02254  0.00332  0.00051  0.04798 -0.00247 -0.02987 -0.78097 -0.29706  0.04727  0.54252  0.00047  0.00108 -0.02258 -0.00073  0.00310 -0.01503 -0.01524
  5:11111        (2d 1.5) 24 -0.00064  0.00013  0.00505  0.00614  0.00205 -0.00059  0.01152  0.00475  0.00014  0.00621 -0.00061  0.00020  0.00846  0.01140  0.00411 -0.00040  0.02793  0.01613  0.00116 -0.01037  0.01870  0.01259  0.72689  0.29939  0.38099 -0.47774 -0.02485  0.07308  0.02252
  5:11111        (2p 1.5) 25  0.00177 -0.00011 -0.00652 -0.00077  0.00012  0.00218 -0.00348 -0.00121 -0.00253 -0.00569  0.00436 -0.00026 -0.01062 -0.00136  0.00016  0.00219 -0.00686 -0.00307 -0.02285 -0.00507 -0.01271  0.00153 -0.06072 -0.02328 -0.03031  0.02592 -0.06671  0.85855  0.50162
  5:11111        (4s 1.5) 26  0.00175  0.00606 -0.00925  0.00066  0.00014  0.01527 -0.00076 -0.00098 -0.01122  0.00112  0.00252  0.01212 -0.02755  0.00450  0.00074  0.05853 -0.00263 -0.04239  0.62188 -0.43439  0.05524  0.64244 -0.00431  0.00347 -0.02983  0.00306 -0.01799  0.02188 -0.02015
  5:11111        (2d 1.5) 27  0.00020 -0.00002 -0.00155 -0.00044  0.00529  0.00016 -0.00956 -0.00027  0.00024 -0.00452  0.00017 -0.00003 -0.00260 -0.00104  0.01051 -0.00001 -0.02289 -0.00005 -0.00085  0.00450 -0.01150 -0.00440 -0.05564  0.91227 -0.13983  0.36898  0.05498 -0.02903  0.06430
  5:11111        (2p 1.5) 28 -0.00053  0.00014  0.00187  0.00496  0.00050 -0.00041 -0.00399  0.00419  0.00043 -0.00720 -0.00131  0.00028  0.00261  0.00835  0.00073  0.00085 -0.00688  0.00838  0.01834 -0.01428 -0.01264  0.02618  0.02425 -0.07227  0.00803 -0.05561  0.65738 -0.33638  0.66636
  5:11111        (2p 0.5) 29  0.00098  0.00004 -0.00336  0.00441  0.00007  0.00096  0.00329  0.00412 -0.00144  0.00697  0.00243  0.00007 -0.00535  0.00716  0.00004  0.00017  0.00635  0.00887  0.00010  0.00028  0.01419 -0.00994  0.01694 -0.00107 -0.00027  0.01931  0.74750  0.37757 -0.54535
1  eigenvalues      (j= 4.0)

                             1047.656 1103.665 1106.072 1107.735 1143.638 1258.029 1314.533 1315.080 1315.801 1352.652 1353.537 1409.985 1410.098 1410.514 1447.882
                    1         11111    11111    11111    11111    11111    11111    11111    11111    11111    11111    11111    11111    11111    11111    11111   
                              (4s) 5d  (2d) 3f  (2d) 3g  (2d) 1g  (2p) 3f  (4s) 5d  (2d) 3f  (2d) 3g  (2d) 1g  (2p) 3f  (4s) 5d  (2d) 3f  (2d) 3g  (2d) 1g  (2p) 3f 
  3:11111        (4s) 5d  1   0.99933 -0.00719  0.00187 -0.00198 -0.02842 -0.01968  0.00021 -0.00003  0.00003  0.00068 -0.00911  0.00005 -0.00003  0.00002  0.00025
  3:11111        (2d) 3g  2  -0.00109 -0.13260  0.98862  0.03947  0.05750  0.00001  0.00163 -0.01185 -0.00166 -0.00072 -0.00001  0.00016 -0.00546 -0.00153 -0.00034
  3:11111        (2d) 3f  3   0.00277  0.97802  0.14173 -0.06626 -0.13587 -0.00059 -0.01718 -0.00182  0.00002 -0.01162 -0.00040 -0.00765  0.00014 -0.00025 -0.00522
  3:11111        (2p) 3f  4   0.02928  0.14511 -0.03963  0.04297  0.98695 -0.00031 -0.01777 -0.00185 -0.00005 -0.01399 -0.00039 -0.00657  0.00025 -0.00029 -0.00662
  3:11111        (2d) 1g  5   0.00095  0.06406 -0.02803  0.99606 -0.05394 -0.00001 -0.00023  0.00092 -0.00696  0.00043  0.00000  0.00003  0.00089 -0.00321  0.00019
  4:11111        (4s) 5d  6   0.01950  0.00006  0.00007 -0.00006 -0.00072  0.99919 -0.00215  0.00286 -0.00208 -0.02884 -0.01967  0.00043 -0.00005  0.00004  0.00049
  4:11111        (2d) 3g  7  -0.00001 -0.00172  0.01188  0.00048  0.00068 -0.00113 -0.14946  0.97731  0.13728  0.05826  0.00099 -0.00013 -0.01139 -0.00320 -0.00072
  4:11111        (2d) 3f  8   0.00037  0.01878  0.00187 -0.00052  0.01472  0.00063  0.98570  0.15798 -0.03776 -0.03261 -0.00159 -0.01625  0.00044 -0.00061 -0.01026
  4:11111        (2p) 3f  9   0.00050  0.01380  0.00115 -0.00023  0.01255  0.02943  0.04304 -0.05884  0.04341  0.99526  0.01667 -0.02377  0.00029 -0.00085 -0.01393
  4:11111        (2d) 1g 10   0.00001  0.00057 -0.00018  0.00698 -0.00031  0.00100  0.05649 -0.12708  0.98881 -0.05309 -0.00089  0.00047  0.00183 -0.00657  0.00046
  5:11111        (4s) 5d 11   0.00949 -0.00001  0.00003 -0.00002 -0.00031  0.01899  0.00067  0.00020 -0.00009 -0.01772  0.99918 -0.00013  0.00344 -0.00170 -0.02933
  5:11111        (2d) 3g 12  -0.00001 -0.00081  0.00576  0.00023  0.00033 -0.00002 -0.00199  0.01147  0.00162  0.00064 -0.00113 -0.03521  0.96050  0.26955  0.05810
  5:11111        (2d) 3f 13   0.00018  0.00905  0.00093 -0.00028  0.00598  0.00027  0.01667  0.00174  0.00001  0.02300  0.00040  0.99891  0.03477  0.00678 -0.00079
  5:11111        (2p) 3f 14   0.00024  0.00649  0.00052 -0.00009  0.00618  0.00049  0.01059  0.00084  0.00012  0.01296  0.02976  0.00240 -0.06993  0.03486  0.99631
  5:11111        (2d) 1g 15   0.00000  0.00026 -0.00009  0.00337 -0.00016  0.00001  0.00060 -0.00084  0.00674 -0.00015  0.00101  0.00271 -0.26678  0.96230 -0.05243
  3:11111        (2d 2.5)  1  0.00290  0.90342  0.11423  0.38618 -0.14565 -0.00053 -0.01547 -0.00121 -0.00310 -0.01020 -0.00036 -0.00683  0.00052 -0.00166 -0.00458
  3:11111        (2d 2.5)  2 -0.00105 -0.36253  0.63651  0.67883  0.04951  0.00019  0.00644 -0.00723 -0.00558  0.00343  0.00013  0.00255 -0.00335 -0.00303  0.00154
  3:11111        (4s 1.5)  3  0.99933 -0.00719  0.00187 -0.00198 -0.02842 -0.01968  0.00021 -0.00003  0.00003  0.00068 -0.00911  0.00005 -0.00003  0.00002  0.00025
  3:11111        (2d 1.5)  4 -0.00050  0.17500  0.76161 -0.62301  0.03180 -0.00017 -0.00413 -0.00954  0.00324 -0.00446 -0.00013 -0.00233 -0.00438  0.00086 -0.00201
  3:11111        (2p 1.5)  5  0.02928  0.14511 -0.03963  0.04297  0.98695 -0.00031 -0.01777 -0.00185 -0.00005 -0.01399 -0.00039 -0.00657  0.00025 -0.00029 -0.00662
  4:11111        (2d 2.5)  6  0.00034  0.01705  0.00159  0.00266  0.01303  0.00101  0.90690  0.08447  0.40844 -0.05291 -0.00182 -0.01432  0.00121 -0.00348 -0.00897
  4:11111        (2d 2.5)  7 -0.00012 -0.00680  0.00769  0.00492 -0.00437 -0.00037 -0.38166  0.56073  0.73439  0.01793  0.00064  0.00535 -0.00703 -0.00623  0.00303
  4:11111        (4s 1.5)  8  0.01950  0.00006  0.00007 -0.00006 -0.00072  0.99919 -0.00215  0.00286 -0.00208 -0.02884 -0.01967  0.00043 -0.00005  0.00004  0.00049
  4:11111        (2d 1.5)  9  0.00010  0.00436  0.00911 -0.00424  0.00534 -0.00123  0.17029  0.82140 -0.54025  0.06447  0.00076 -0.00553 -0.00907  0.00170 -0.00405
  4:11111        (2p 1.5) 10  0.00050  0.01380  0.00115 -0.00023  0.01255  0.02943  0.04304 -0.05884  0.04341  0.99526  0.01667 -0.02377  0.00029 -0.00085 -0.01393
  5:11111        (2d 2.5) 11  0.00016  0.00821  0.00079  0.00126  0.00528  0.00025  0.01517  0.00118  0.00302  0.02051  0.00081  0.89466 -0.08821  0.43641 -0.02416
  5:11111        (2d 2.5) 12 -0.00006 -0.00328  0.00372  0.00238 -0.00176 -0.00009 -0.00630  0.00703  0.00541 -0.00692 -0.00028 -0.33907  0.49945  0.79707  0.00817
  5:11111        (4s 1.5) 13  0.00949 -0.00001  0.00003 -0.00002 -0.00031  0.01899  0.00067  0.00020 -0.00009 -0.01772  0.99918 -0.00013  0.00344 -0.00170 -0.02933
  5:11111        (2d 1.5) 14  0.00005  0.00213  0.00442 -0.00205  0.00223  0.00007  0.00348  0.00919 -0.00311  0.00782 -0.00132  0.28927  0.85889 -0.41587  0.07400
  5:11111        (2p 1.5) 15  0.00024  0.00649  0.00052 -0.00009  0.00618  0.00049  0.01059  0.00084  0.00012  0.01296  0.02976  0.00240 -0.06993  0.03486  0.99631
0  eigenvalues      (j= 5.0)

                             1106.191 1315.225 1410.264
                    1         11111    11111    11111   
                              (2d) 3g  (2d) 3g  (2d) 3g 
  3:11111        (2d) 3g  1   0.99991 -0.01210 -0.00569
  4:11111        (2d) 3g  2   0.01203  0.99986 -0.01184
  5:11111        (2d) 3g  3   0.00583  0.01177  0.99991
  3:11111        (2d 2.5)  1  0.99991 -0.01210 -0.00569
  4:11111        (2d 2.5)  2  0.01203  0.99986 -0.01184
  5:11111        (2d 2.5)  3  0.00583  0.01177  0.99991
