      71.298  0.0  1 (1s) 1s       937.837  1.0  1 (2d) 3d       107.438    107.4378   0.000   0.0001  -3.957 5.531E+07 1.10E-01
      17.874  2.0  1 (1d) 1d       893.993  1.0  1 (4s) 3s       108.626    108.6256   0.000   0.0002  -3.813 7.870E+07-1.30E-01
     -19.134  2.0  1 (3p) 3p       878.312  2.0  1 (4s) 5s       111.270    111.2699   0.000   0.0001  -3.890 6.924E+07 1.00E+00
     -15.414  0.0  1 (3p) 3p       893.993  1.0  1 (4s) 3s       112.753    112.7529   0.050   0.0456  -1.341 2.517E+10 9.05E-01
     -16.528  1.0  1 (3p) 3p       893.993  1.0  1 (4s) 3s       112.891    112.8909   0.152   0.1382  -0.859 7.643E+10-9.33E-01
      71.298  0.0  1 (1s) 1s       983.096  1.0  1 (2p) 1p       113.049    113.0492   0.160   0.1456  -0.837 8.076E+10-9.85E-01
     -19.134  2.0  1 (3p) 3p       893.993  1.0  1 (4s) 3s       113.214    113.2141   0.264   0.2405  -0.619 1.338E+11 9.74E-01
      17.874  2.0  1 (1d) 1d       937.837  1.0  1 (2d) 3d       114.062    114.0617   0.000   0.0005  -3.343 2.561E+08-5.70E-01
      17.874  2.0  1 (1d) 1d       938.058  3.0  1 (2d) 3d       114.089    114.0890   0.001   0.0007  -3.181 3.724E+08 9.20E-01
      17.874  2.0  1 (1d) 1d       945.776  2.0  1 (2d) 1d       115.046    115.0460   0.613   0.5667  -0.247 3.254E+11 9.78E-01
     -15.414  0.0  1 (3p) 3p       937.837  1.0  1 (2d) 3d       118.189    118.1889   0.070   0.0667  -1.176 4.045E+10-8.47E-01
     -16.528  1.0  1 (3p) 3p       937.837  1.0  1 (2d) 3d       118.327    118.3269   0.062   0.0593  -1.227 3.602E+10-1.00E+00
     -16.528  1.0  1 (3p) 3p       937.905  2.0  1 (2d) 3d       118.336    118.3354   0.159   0.1510  -0.821 9.174E+10-8.58E-01
     -19.134  2.0  1 (3p) 3p       937.837  1.0  1 (2d) 3d       118.650    118.6501   0.005   0.0050  -2.304 3.033E+09-8.82E-01
     -19.134  2.0  1 (3p) 3p       937.905  2.0  1 (2d) 3d       118.659    118.6585   0.071   0.0680  -1.167 4.155E+10-1.00E+00
     -19.134  2.0  1 (3p) 3p       938.058  3.0  1 (2d) 3d       118.678    118.6774   0.322   0.3072  -0.513 1.877E+11-1.00E+00
      17.874  2.0  1 (1d) 1d       975.182  1.0  1 (2p) 3p       118.692    118.6919   0.000   0.0004  -3.368 2.619E+08-8.88E-01
      17.874  2.0  1 (1d) 1d       975.425  2.0  1 (2p) 3p       118.722    118.7220   0.005   0.0049  -2.307 3.019E+09-9.48E-01
     -16.528  1.0  1 (3p) 3p       945.776  2.0  1 (2d) 1d       119.311    119.3112   0.001   0.0005  -3.265 3.355E+08-9.45E-01
     -19.134  2.0  1 (3p) 3p       945.776  2.0  1 (2d) 1d       119.635    119.6344   0.004   0.0036  -2.448 2.212E+09 7.43E-01
      17.874  2.0  1 (1d) 1d       983.096  1.0  1 (2p) 1p       119.673    119.6730   0.223   0.2144  -0.669 1.332E+11 9.84E-01
     -15.414  0.0  1 (3p) 3p       975.182  1.0  1 (2p) 3p       122.819    122.8191   0.059   0.0580  -1.236 3.798E+10-9.99E-01
     -16.528  1.0  1 (3p) 3p       975.071  0.0  1 (2p) 3p       122.944    122.9434   0.051   0.0501  -1.300 3.285E+10 1.00E+00
     -16.528  1.0  1 (3p) 3p       975.182  1.0  1 (2p) 3p       122.957    122.9572   0.037   0.0361  -1.443 2.367E+10 7.99E-01
     -16.528  1.0  1 (3p) 3p       975.425  2.0  1 (2p) 3p       122.987    122.9873   0.077   0.0763  -1.117 5.009E+10-1.00E+00
     -19.134  2.0  1 (3p) 3p       975.182  1.0  1 (2p) 3p       123.280    123.2803   0.057   0.0562  -1.250 3.706E+10 8.11E-01
     -19.134  2.0  1 (3p) 3p       975.425  2.0  1 (2p) 3p       123.311    123.3104   0.174   0.1720  -0.764 1.135E+11 8.48E-01
     -19.134  2.0  1 (3p) 3p       983.096  1.0  1 (2p) 1p       124.262    124.2615   0.000   0.0001  -3.937 7.754E+07 5.92E-02
      71.298  0.0  1 (1s) 1s      1109.962  1.0  3 (2d) 1p       128.779    128.7787   0.036   0.0377  -1.424 2.712E+10-7.10E-01
      71.298  0.0  1 (1s) 1s      1110.890  1.0  3 (2d) 3d       128.894    128.8938   0.017   0.0175  -1.757 1.262E+10 8.96E-01
      17.874  2.0  1 (1d) 1d      1061.872  2.0  3 (4s) 3d       129.440    129.4402   0.000   0.0003  -3.522 2.186E+08 7.96E-02
      17.874  2.0  1 (1d) 1d      1062.051  3.0  3 (4s) 3d       129.462    129.4623   0.001   0.0009  -3.050 6.479E+08 6.79E-02
      71.298  0.0  1 (1s) 1s      1118.996  1.0  3 (2d) 3s       129.899    129.8988   0.000   0.0001  -3.853 1.028E+08-6.96E-02
     -19.134  2.0  1 (3p) 3p      1047.610  2.0  3 (4s) 5d       132.261    132.2603   0.000   0.0002  -3.693 1.537E+08 2.38E-01
      71.298  0.0  1 (1s) 1s      1145.381  1.0  3 (2p) 3p       133.170    133.1702   0.002   0.0017  -2.769 1.308E+09-7.80E-01
     -15.414  0.0  1 (3p) 3p      1061.833  1.0  3 (4s) 3d       133.563    133.5625   0.250   0.2688  -0.571 2.081E+11-3.85E-01
     -16.528  1.0  1 (3p) 3p      1061.833  1.0  3 (4s) 3d       133.701    133.7005   0.191   0.2055  -0.687 1.594E+11-3.92E-01
     -16.528  1.0  1 (3p) 3p      1061.872  2.0  3 (4s) 3d       133.706    133.7055   0.563   0.6055  -0.218 4.696E+11-3.88E-01
      71.298  0.0  1 (1s) 1s      1149.898  1.0  3 (2p) 3d       133.730    133.7302   0.000   0.0002  -3.635 1.797E+08 5.02E-02
     -19.134  2.0  1 (3p) 3p      1061.833  1.0  3 (4s) 3d       134.024    134.0237   0.013   0.0145  -1.840 1.127E+10-3.95E-01
     -19.134  2.0  1 (3p) 3p      1061.872  2.0  3 (4s) 3d       134.029    134.0286   0.199   0.2138  -0.670 1.667E+11-4.03E-01
     -19.134  2.0  1 (3p) 3p      1062.051  3.0  3 (4s) 3d       134.051    134.0507   1.088   1.1724   0.069 9.141E+11-4.10E-01
      17.874  2.0  1 (1d) 1d      1102.793  2.0  3 (2d) 3f       134.514    134.5138   0.000   0.0004  -3.353 3.486E+08 7.40E-02
      17.874  2.0  1 (1d) 1d      1103.180  3.0  3 (2d) 3f       134.562    134.5617   0.001   0.0009  -3.046 7.069E+08 6.10E-01
      17.874  2.0  1 (1d) 1d      1105.959  3.0  3 (2d) 3g       134.906    134.9063   0.001   0.0016  -2.795 1.265E+09 2.51E-01
      17.874  2.0  1 (1d) 1d      1109.962  1.0  3 (2d) 1p       135.403    135.4025   0.227   0.2472  -0.607 1.967E+11-7.14E-01
      17.874  2.0  1 (1d) 1d      1110.688  3.0  3 (2d) 3d       135.493    135.4925   0.001   0.0011  -2.962 8.700E+08-1.42E-01
      17.874  2.0  1 (1d) 1d      1110.890  1.0  3 (2d) 3d       135.518    135.5177   0.140   0.1523  -0.817 1.214E+11 7.23E-01
      71.298  0.0  1 (1s) 1s      1166.324  1.0  3 (2p) 1p       135.767    135.7668   1.167   1.2735   0.105 1.018E+12 8.25E-01
      17.874  2.0  1 (1d) 1d      1114.899  2.0  3 (2d) 3p       136.015    136.0147   0.001   0.0014  -2.857 1.115E+09 2.60E-01
      17.874  2.0  1 (1d) 1d      1115.483  1.0  3 (2d) 3p       136.087    136.0870   0.008   0.0087  -2.062 6.959E+09 8.44E-01
      17.874  2.0  1 (1d) 1d      1118.495  2.0  3 (2d) 1d       136.461    136.4605   1.046   1.1468   0.059 9.265E+11 5.01E-01
      17.874  2.0  1 (1d) 1d      1118.996  1.0  3 (2d) 3s       136.523    136.5226   0.001   0.0006  -3.259 4.454E+08-1.78E-01
      17.874  2.0  1 (1d) 1d      1125.452  3.0  3 (2d) 1f       137.323    137.3230   2.096   2.3128   0.364 1.892E+12-6.09E-01
     -16.528  1.0  1 (3p) 3p      1102.793  2.0  3 (2d) 3f       138.779    138.7790   0.002   0.0017  -2.764 1.438E+09 8.04E-01
     -16.528  1.0  1 (3p) 3p      1103.558  0.0  3 (2d) 1s       138.874    138.8738   0.000   0.0002  -3.605 2.079E+08 9.74E-01
     -19.134  2.0  1 (3p) 3p      1102.793  2.0  3 (2d) 3f       139.102    139.1022   0.001   0.0007  -3.186 5.470E+08 6.76E-01
     -19.134  2.0  1 (3p) 3p      1103.180  3.0  3 (2d) 3f       139.150    139.1501   0.004   0.0045  -2.342 3.819E+09 8.36E-01
     -19.134  2.0  1 (3p) 3p      1105.959  3.0  3 (2d) 3g       139.495    139.4947   0.000   0.0002  -3.776 1.414E+08 4.48E-01
     -15.414  0.0  1 (3p) 3p      1109.962  1.0  3 (2d) 1p       139.530    139.5298   0.129   0.1449  -0.839 1.224E+11 6.80E-01
      17.874  2.0  1 (1d) 1d      1143.851  3.0  3 (2p) 3f       139.604    139.6043   0.005   0.0055  -2.262 4.626E+09-4.29E-01
      17.874  2.0  1 (1d) 1d      1143.955  2.0  3 (2p) 3f       139.617    139.6171   0.005   0.0056  -2.256 4.696E+09 7.24E-01
     -15.414  0.0  1 (3p) 3p      1110.890  1.0  3 (2d) 3d       139.645    139.6449   0.146   0.1636  -0.786 1.384E+11 5.88E-01
     -16.528  1.0  1 (3p) 3p      1109.962  1.0  3 (2d) 1p       139.668    139.6678   0.042   0.0467  -1.331 3.950E+10 2.99E-01
     -16.528  1.0  1 (3p) 3p      1110.639  2.0  3 (2d) 3d       139.752    139.7518   0.677   0.7606  -0.119 6.445E+11 8.07E-01
     -16.528  1.0  1 (3p) 3p      1110.890  1.0  3 (2d) 3d       139.783    139.7829   0.142   0.1595  -0.797 1.353E+11 7.69E-01
      17.874  2.0  1 (1d) 1d      1145.381  1.0  3 (2p) 3p       139.794    139.7940   0.001   0.0015  -2.832 1.250E+09-4.62E-01
      17.874  2.0  1 (1d) 1d      1145.879  2.0  3 (2p) 3p       139.856    139.8558   0.000   0.0004  -3.402 3.360E+08-3.88E-02
     -19.134  2.0  1 (3p) 3p      1109.962  1.0  3 (2d) 1p       139.991    139.9909   0.000   0.0002  -3.718 1.626E+08-5.32E-03
     -19.134  2.0  1 (3p) 3p      1110.639  2.0  3 (2d) 3d       140.075    140.0749   0.155   0.1742  -0.759 1.483E+11 4.70E-01
     -19.134  2.0  1 (3p) 3p      1110.688  3.0  3 (2d) 3d       140.081    140.0809   1.281   1.4423   0.159 1.228E+12 8.47E-01
     -19.134  2.0  1 (3p) 3p      1110.890  1.0  3 (2d) 3d       140.106    140.1061   0.016   0.0184  -1.734 1.570E+10 6.74E-01
     -15.414  0.0  1 (3p) 3p      1115.483  1.0  3 (2d) 3p       140.214    140.2143   0.221   0.2494  -0.603 2.128E+11 6.74E-01
      17.874  2.0  1 (1d) 1d      1149.002  2.0  3 (2p) 1d       140.243    140.2430   0.386   0.4352  -0.361 3.714E+11 6.86E-01
     -16.528  1.0  1 (3p) 3p      1114.899  2.0  3 (2d) 3p       140.280    140.2800   0.279   0.3149  -0.502 2.689E+11 5.98E-01
      17.874  2.0  1 (1d) 1d      1149.862  3.0  3 (2p) 3d       140.350    140.3495   0.007   0.0077  -2.112 6.607E+09 1.30E-01
     -16.528  1.0  1 (3p) 3p      1115.483  1.0  3 (2d) 3p       140.353    140.3523   0.187   0.2111  -0.675 1.805E+11-7.27E-01
      17.874  2.0  1 (1d) 1d      1149.898  1.0  3 (2p) 3d       140.354    140.3540   0.000   0.0002  -3.701 1.703E+08 2.96E-01
     -16.528  1.0  1 (3p) 3p      1115.660  0.0  3 (2d) 3p       140.375    140.3744   0.247   0.2792  -0.554 2.387E+11-8.80E-01
      17.874  2.0  1 (1d) 1d      1150.510  2.0  3 (2p) 3d       140.430    140.4299   0.373   0.4214  -0.375 3.606E+11 7.57E-01
     -19.134  2.0  1 (3p) 3p      1114.899  2.0  3 (2d) 3p       140.603    140.6031   1.096   1.2386   0.093 1.062E+12-8.86E-01
     -15.414  0.0  1 (3p) 3p      1118.996  1.0  3 (2d) 3s       140.650    140.6498   0.108   0.1216  -0.915 1.043E+11 7.26E-01
     -19.134  2.0  1 (3p) 3p      1115.483  1.0  3 (2d) 3p       140.676    140.6754   0.352   0.3980  -0.400 3.417E+11-8.67E-01
     -16.528  1.0  1 (3p) 3p      1118.996  1.0  3 (2d) 3s       140.788    140.7879   0.319   0.3609  -0.443 3.104E+11-8.03E-01
      17.874  2.0  1 (1d) 1d      1154.990  3.0  3 (2p) 1f       140.986    140.9854   1.748   1.9802   0.297 1.708E+12-8.70E-01
     -19.134  2.0  1 (3p) 3p      1118.495  2.0  3 (2d) 1d       141.049    141.0489   0.006   0.0070  -2.155 6.040E+09 3.31E-01
     -19.134  2.0  1 (3p) 3p      1118.996  1.0  3 (2d) 3s       141.111    141.1110   0.518   0.5878  -0.231 5.078E+11 7.86E-01
     -19.134  2.0  1 (3p) 3p      1125.452  3.0  3 (2d) 1f       141.912    141.9115   0.020   0.0226  -1.647 1.971E+10-6.45E-01
      17.874  2.0  1 (1d) 1d      1166.324  1.0  3 (2p) 1p       142.391    142.3906   0.048   0.0544  -1.265 4.782E+10-6.28E-01
     -16.528  1.0  1 (3p) 3p      1143.955  2.0  3 (2p) 3f       143.883    143.8824   0.002   0.0020  -2.690 1.836E+09-5.08E-01
     -15.414  0.0  1 (3p) 3p      1145.381  1.0  3 (2p) 3p       143.921    143.9213   0.072   0.0836  -1.078 7.511E+10-5.00E-01
     -16.528  1.0  1 (3p) 3p      1145.114  0.0  3 (2p) 3p       144.026    144.0261   0.072   0.0829  -1.082 7.457E+10 7.19E-01
     -16.528  1.0  1 (3p) 3p      1145.381  1.0  3 (2p) 3p       144.060    144.0593   0.061   0.0707  -1.151 6.365E+10 5.08E-01
     -16.528  1.0  1 (3p) 3p      1145.879  2.0  3 (2p) 3p       144.121    144.1211   0.055   0.0640  -1.194 5.767E+10-2.52E-01
     -19.134  2.0  1 (3p) 3p      1143.851  3.0  3 (2p) 3f       144.193    144.1927   0.007   0.0080  -2.097 7.219E+09-5.10E-01
     -19.134  2.0  1 (3p) 3p      1143.955  2.0  3 (2p) 3f       144.206    144.2055   0.000   0.0003  -3.597 2.281E+08-1.10E-01
     -19.134  2.0  1 (3p) 3p      1145.381  1.0  3 (2p) 3p       144.383    144.3824   0.053   0.0618  -1.209 5.590E+10 2.93E-01
     -19.134  2.0  1 (3p) 3p      1145.879  2.0  3 (2p) 3p       144.444    144.4442   0.159   0.1847  -0.733 1.672E+11 2.84E-01
     -15.414  0.0  1 (3p) 3p      1149.898  1.0  3 (2p) 3d       144.481    144.4812   0.304   0.3535  -0.452 3.202E+11-7.94E-01
     -16.528  1.0  1 (3p) 3p      1149.002  2.0  3 (2p) 1d       144.508    144.5083   0.289   0.3353  -0.475 3.038E+11 8.21E-01
     -16.528  1.0  1 (3p) 3p      1149.898  1.0  3 (2p) 3d       144.620    144.6193   0.219   0.2548  -0.594 2.312E+11-7.64E-01
     -16.528  1.0  1 (3p) 3p      1150.510  2.0  3 (2p) 3d       144.695    144.6952   0.347   0.4034  -0.394 3.665E+11-6.88E-01
     -19.134  2.0  1 (3p) 3p      1149.002  2.0  3 (2p) 1d       144.832    144.8314   0.079   0.0916  -1.038 8.335E+10 4.71E-01
     -19.134  2.0  1 (3p) 3p      1149.862  3.0  3 (2p) 3d       144.938    144.9379   0.990   1.1534   0.062 1.051E+12-6.80E-01
     -19.134  2.0  1 (3p) 3p      1149.898  1.0  3 (2p) 3d       144.943    144.9424   0.013   0.0150  -1.824 1.367E+10-5.57E-01
     -19.134  2.0  1 (3p) 3p      1150.510  2.0  3 (2p) 3d       145.019    145.0183   0.108   0.1264  -0.898 1.154E+11-4.92E-01
     -19.134  2.0  1 (3p) 3p      1154.990  3.0  3 (2p) 1f       145.574    145.5738   0.001   0.0011  -2.967 9.923E+08 3.11E-02
     -15.414  0.0  1 (3p) 3p      1166.324  1.0  3 (2p) 1p       146.518    146.5179   0.000   0.0003  -3.484 3.053E+08 1.82E-02
     -16.528  1.0  1 (3p) 3p      1166.324  1.0  3 (2p) 1p       146.656    146.6559   0.000   0.0002  -3.744 1.682E+08 2.96E-02
     -15.414  0.0  1 (3p) 3p      1201.397  1.0  2 (4s) 3s       150.867    150.8663   0.007   0.0087  -2.062 8.557E+09 6.92E-01
     -16.528  1.0  1 (3p) 3p      1201.397  1.0  2 (4s) 3s       151.005    151.0043   0.022   0.0262  -1.581 2.594E+10-7.13E-01
     -19.134  2.0  1 (3p) 3p      1201.397  1.0  2 (4s) 3s       151.328    151.3275   0.037   0.0452  -1.345 4.491E+10 7.38E-01
      71.298  0.0  1 (1s) 1s      1293.639  1.0  2 (2p) 1p       151.552    151.5519   0.023   0.0286  -1.544 2.846E+10-8.45E-01
      17.874  2.0  1 (1d) 1d      1253.431  1.0  2 (2d) 3d       153.191    153.1905   0.000   0.0001  -3.940 1.169E+08-4.47E-01
      17.874  2.0  1 (1d) 1d      1253.513  2.0  2 (2d) 3d       153.201    153.2007   0.000   0.0001  -3.909 1.256E+08-1.91E-01
      17.874  2.0  1 (1d) 1d      1253.667  3.0  2 (2d) 3d       153.220    153.2198   0.000   0.0001  -3.976 1.078E+08 3.75E-01
      17.874  2.0  1 (1d) 1d      1256.143  2.0  2 (2d) 1d       153.527    153.5268   0.085   0.1052  -0.978 1.076E+11 7.25E-01
      71.298  0.0  1 (1s) 1s      1316.449  1.0  4 (2d) 3d       154.380    154.3800   0.001   0.0007  -3.160 7.159E+08-1.89E-01
      71.298  0.0  1 (1s) 1s      1317.538  1.0  4 (2d) 1p       154.515    154.5150   0.002   0.0024  -2.621 2.482E+09-1.75E-01
      17.874  2.0  1 (1d) 1d      1265.109  2.0  4 (4s) 3d       154.639    154.6384   0.000   0.0001  -3.824 1.555E+08 1.37E-01
      17.874  2.0  1 (1d) 1d      1265.190  3.0  4 (4s) 3d       154.649    154.6484   0.000   0.0006  -3.223 6.213E+08 1.37E-01
      71.298  0.0  1 (1s) 1s      1319.212  1.0  4 (2d) 3p       154.723    154.7226   0.000   0.0001  -3.911 1.276E+08-6.71E-02
      71.298  0.0  1 (1s) 1s      1320.618  1.0  4 (2d) 3s       154.897    154.8969   0.000   0.0001  -3.917 1.262E+08-1.45E-01
     -15.414  0.0  1 (3p) 3p      1253.431  1.0  2 (2d) 3d       157.318    157.3178   0.011   0.0140  -1.854 1.504E+10-5.70E-01
     -16.528  1.0  1 (3p) 3p      1253.431  1.0  2 (2d) 3d       157.456    157.4558   0.010   0.0122  -1.914 1.311E+10-6.60E-01
     -16.528  1.0  1 (3p) 3p      1253.513  2.0  2 (2d) 3d       157.466    157.4660   0.025   0.0320  -1.495 3.442E+10-5.80E-01
     -19.134  2.0  1 (3p) 3p      1253.431  1.0  2 (2d) 3d       157.779    157.7790   0.001   0.0010  -2.998 1.085E+09-5.89E-01
     -19.134  2.0  1 (3p) 3p      1253.513  2.0  2 (2d) 3d       157.789    157.7891   0.011   0.0142  -1.848 1.531E+10-6.64E-01
     -16.528  1.0  1 (3p) 3p      1256.143  2.0  2 (2d) 1d       157.792    157.7921   0.000   0.0001  -3.830 1.597E+08-4.51E-01
     -19.134  2.0  1 (3p) 3p      1253.667  3.0  2 (2d) 3d       157.809    157.8083   0.052   0.0663  -1.179 7.159E+10-6.80E-01
      17.874  2.0  1 (1d) 1d      1291.017  1.0  2 (2p) 3p       157.851    157.8506   0.000   0.0003  -3.466 3.699E+08-7.37E-01
      17.874  2.0  1 (1d) 1d      1291.251  2.0  2 (2p) 3p       157.880    157.8796   0.001   0.0008  -3.089 8.821E+08-7.29E-01
     -19.134  2.0  1 (3p) 3p      1256.143  2.0  2 (2d) 1d       158.115    158.1152   0.000   0.0004  -3.365 4.685E+08 3.23E-01
      17.874  2.0  1 (1d) 1d      1293.639  1.0  2 (2p) 1p       158.176    158.1757   0.038   0.0488  -1.311 5.301E+10 7.97E-01
     -15.414  0.0  1 (3p) 3p      1265.086  1.0  4 (4s) 3d       158.763    158.7628   0.119   0.1524  -0.817 1.667E+11-6.10E-01
     -16.528  1.0  1 (3p) 3p      1265.086  1.0  4 (4s) 3d       158.901    158.9009   0.090   0.1149  -0.940 1.258E+11-6.13E-01
     -16.528  1.0  1 (3p) 3p      1265.109  2.0  4 (4s) 3d       158.904    158.9037   0.269   0.3434  -0.464 3.763E+11-6.18E-01
      71.298  0.0  1 (1s) 1s      1353.418  1.0  4 (2p) 3p       158.964    158.9636   0.000   0.0002  -3.653 2.436E+08-6.80E-01
      71.298  0.0  1 (1s) 1s      1353.793  1.0  4 (2p) 3d       159.010    159.0101   0.000   0.0001  -3.951 1.227E+08 6.10E-02
     -19.134  2.0  1 (3p) 3p      1265.086  1.0  4 (4s) 3d       159.224    159.2240   0.006   0.0079  -2.105 8.647E+09-5.99E-01
     -19.134  2.0  1 (3p) 3p      1265.109  2.0  4 (4s) 3d       159.227    159.2268   0.092   0.1174  -0.930 1.292E+11-6.22E-01
     -19.134  2.0  1 (3p) 3p      1265.190  3.0  4 (4s) 3d       159.237    159.2369   0.512   0.6555  -0.183 7.212E+11-6.47E-01
      71.298  0.0  1 (1s) 1s      1358.988  1.0  5 (4s) 3d       159.654    159.6542   0.001   0.0011  -2.970 1.184E+09 2.23E-01
      71.298  0.0  1 (1s) 1s      1362.583  1.0  4 (2p) 1p       160.100    160.0999   0.375   0.4830  -0.316 5.372E+11 8.26E-01
      17.874  2.0  1 (1d) 1d      1314.083  2.0  4 (2d) 3f       160.711    160.7105   0.000   0.0002  -3.640 2.565E+08 1.02E-01
      17.874  2.0  1 (1d) 1d      1314.282  3.0  4 (2d) 3f       160.735    160.7352   0.000   0.0006  -3.243 6.404E+08 6.15E-01
      17.874  2.0  1 (1d) 1d      1314.987  3.0  4 (2d) 3g       160.823    160.8226   0.000   0.0005  -3.315 5.429E+08 1.46E-01
      17.874  2.0  1 (1d) 1d      1316.449  1.0  4 (2d) 3d       161.004    161.0038   0.005   0.0066  -2.179 7.445E+09-6.16E-01
      17.874  2.0  1 (1d) 1d      1316.653  3.0  4 (2d) 3d       161.029    161.0292   0.000   0.0002  -3.736 2.066E+08-7.54E-02
      17.874  2.0  1 (1d) 1d      1317.538  1.0  4 (2d) 1p       161.139    161.1388   0.091   0.1175  -0.930 1.324E+11-6.97E-01
      17.874  2.0  1 (1d) 1d      1319.212  1.0  4 (2d) 3p       161.347    161.3464   0.002   0.0027  -2.564 3.082E+09 7.22E-01
      17.874  2.0  1 (1d) 1d      1320.618  1.0  4 (2d) 3s       161.521    161.5207   0.000   0.0003  -3.468 3.849E+08-4.46E-01
      17.874  2.0  1 (1d) 1d      1321.882  2.0  4 (2d) 1d       161.678    161.6775   0.437   0.5680  -0.246 6.443E+11 7.00E-01
      17.874  2.0  1 (1d) 1d      1323.819  3.0  4 (2d) 1f       161.918    161.9175   0.763   0.9925  -0.003 1.129E+12-7.40E-01
     -15.414  0.0  1 (3p) 3p      1291.017  1.0  2 (2p) 3p       161.978    161.9779   0.009   0.0119  -1.923 1.358E+10-6.79E-01
     -16.528  1.0  1 (3p) 3p      1290.915  0.0  2 (2p) 3p       162.104    162.1033   0.008   0.0105  -1.977 1.202E+10 6.88E-01
     -16.528  1.0  1 (3p) 3p      1291.017  1.0  2 (2p) 3p       162.116    162.1159   0.006   0.0078  -2.107 8.905E+09 5.80E-01
     -16.528  1.0  1 (3p) 3p      1291.251  2.0  2 (2p) 3p       162.145    162.1449   0.012   0.0158  -1.801 1.804E+10-6.74E-01
     -19.134  2.0  1 (3p) 3p      1291.017  1.0  2 (2p) 3p       162.439    162.4391   0.009   0.0120  -1.920 1.375E+10 5.73E-01
     -19.134  2.0  1 (3p) 3p      1291.251  2.0  2 (2p) 3p       162.468    162.4681   0.029   0.0379  -1.421 4.342E+10 6.05E-01
     -19.134  2.0  1 (3p) 3p      1293.639  1.0  2 (2p) 1p       162.764    162.7642   0.000   0.0001  -3.945 1.306E+08 1.36E-01
     -16.528  1.0  1 (3p) 3p      1314.083  2.0  4 (2d) 3f       164.976    164.9758   0.001   0.0010  -2.992 1.203E+09 7.69E-01
     -15.414  0.0  1 (3p) 3p      1316.449  1.0  4 (2d) 3d       165.131    165.1311   0.057   0.0756  -1.121 8.947E+10 6.32E-01
     -15.414  0.0  1 (3p) 3p      1317.538  1.0  4 (2d) 1p       165.266    165.2661   0.001   0.0016  -2.801 1.874E+09-1.04E-01
     -16.528  1.0  1 (3p) 3p      1316.449  1.0  4 (2d) 3d       165.269    165.2691   0.032   0.0422  -1.375 5.001E+10 4.74E-01
     -16.528  1.0  1 (3p) 3p      1316.583  2.0  4 (2d) 3d       165.286    165.2857   0.143   0.1903  -0.721 2.256E+11 7.20E-01
     -19.134  2.0  1 (3p) 3p      1314.083  2.0  4 (2d) 3f       165.299    165.2989   0.000   0.0004  -3.444 4.263E+08 6.47E-01
     -19.134  2.0  1 (3p) 3p      1314.282  3.0  4 (2d) 3f       165.324    165.3236   0.002   0.0028  -2.551 3.338E+09 7.79E-01
     -16.528  1.0  1 (3p) 3p      1317.538  1.0  4 (2d) 1p       165.404    165.4041   0.006   0.0083  -2.079 9.891E+09-7.71E-01
     -15.414  0.0  1 (3p) 3p      1319.212  1.0  4 (2d) 3p       165.474    165.4736   0.057   0.0758  -1.120 9.008E+10 6.75E-01
      17.874  2.0  1 (1d) 1d      1352.565  2.0  4 (2p) 3f       165.482    165.4817   0.002   0.0024  -2.622 2.837E+09 6.35E-01
      17.874  2.0  1 (1d) 1d      1352.610  3.0  4 (2p) 3f       165.487    165.4872   0.000   0.0001  -3.952 1.326E+08-3.75E-02
      17.874  2.0  1 (1d) 1d      1353.418  1.0  4 (2p) 3p       165.588    165.5874   0.000   0.0005  -3.293 6.057E+08-6.21E-01
     -19.134  2.0  1 (3p) 3p      1316.449  1.0  4 (2d) 3d       165.592    165.5922   0.001   0.0011  -2.964 1.291E+09 1.09E-01
      17.874  2.0  1 (1d) 1d      1353.467  2.0  4 (2p) 3p       165.594    165.5934   0.002   0.0028  -2.554 3.320E+09-5.87E-01
     -16.528  1.0  1 (3p) 3p      1319.093  2.0  4 (2d) 3p       165.597    165.5970   0.067   0.0891  -1.050 1.060E+11 5.58E-01
      17.874  2.0  1 (1d) 1d      1353.525  2.0  5 (4s) 5d       165.601    165.6007   0.000   0.0004  -3.395 4.787E+08-4.83E-01
     -19.134  2.0  1 (3p) 3p      1316.583  2.0  4 (2d) 3d       165.609    165.6089   0.031   0.0412  -1.385 4.900E+10 3.90E-01
     -16.528  1.0  1 (3p) 3p      1319.212  1.0  4 (2d) 3p       165.612    165.6117   0.052   0.0692  -1.160 8.239E+10-8.01E-01
     -16.528  1.0  1 (3p) 3p      1319.222  0.0  4 (2d) 3p       165.613    165.6129   0.059   0.0781  -1.107 9.292E+10-7.55E-01
     -19.134  2.0  1 (3p) 3p      1316.653  3.0  4 (2d) 3d       165.618    165.6176   0.268   0.3562  -0.448 4.239E+11 7.61E-01
      17.874  2.0  1 (1d) 1d      1353.789  2.0  4 (2p) 3d       165.634    165.6335   0.014   0.0182  -1.740 2.166E+10-4.69E-01
      17.874  2.0  1 (1d) 1d      1353.793  1.0  4 (2p) 3d       165.634    165.6339   0.000   0.0001  -3.994 1.208E+08 2.63E-01
     -15.414  0.0  1 (3p) 3p      1320.618  1.0  4 (2d) 3s       165.648    165.6480   0.025   0.0334  -1.476 3.979E+10 6.32E-01
      17.874  2.0  1 (1d) 1d      1354.098  3.0  4 (2p) 3d       165.672    165.6718   0.002   0.0031  -2.512 3.663E+09 2.60E-01
      17.874  2.0  1 (1d) 1d      1354.471  2.0  4 (2p) 1d       165.718    165.7180   0.096   0.1276  -0.894 1.520E+11 6.68E-01
     -19.134  2.0  1 (3p) 3p      1317.538  1.0  4 (2d) 1p       165.727    165.7272   0.003   0.0043  -2.369 5.090E+09-6.83E-01
     -16.528  1.0  1 (3p) 3p      1320.618  1.0  4 (2d) 3s       165.786    165.7860   0.081   0.1082  -0.966 1.291E+11-7.41E-01
     -19.134  2.0  1 (3p) 3p      1319.093  2.0  4 (2d) 3p       165.920    165.9201   0.261   0.3481  -0.458 4.157E+11-8.19E-01
     -19.134  2.0  1 (3p) 3p      1319.212  1.0  4 (2d) 3p       165.935    165.9348   0.070   0.0938  -1.028 1.121E+11-6.88E-01
     -16.528  1.0  1 (3p) 3p      1321.882  2.0  4 (2d) 1d       165.943    165.9428   0.000   0.0001  -3.972 1.273E+08 5.42E-02
      17.874  2.0  1 (1d) 1d      1357.582  3.0  4 (2p) 1f       166.104    166.1038   0.440   0.5874  -0.231 7.032E+11-8.46E-01
     -19.134  2.0  1 (3p) 3p      1320.618  1.0  4 (2d) 3s       166.109    166.1091   0.158   0.2104  -0.677 2.519E+11 8.69E-01
      71.298  0.0  1 (1s) 1s      1411.438  1.0  5 (2d) 1p       166.158    166.1573   0.000   0.0006  -3.214 7.325E+08 1.17E-01
      71.298  0.0  1 (1s) 1s      1412.097  1.0  5 (2d) 3p       166.239    166.2389   0.000   0.0003  -3.548 3.398E+08-2.34E-01
      17.874  2.0  1 (1d) 1d      1358.786  3.0  5 (4s) 3d       166.253    166.2530   0.010   0.0135  -1.870 1.617E+10 6.55E-01
     -19.134  2.0  1 (3p) 3p      1321.882  2.0  4 (2d) 1d       166.266    166.2659   0.002   0.0022  -2.660 2.624E+09 3.09E-01
      17.874  2.0  1 (1d) 1d      1358.909  2.0  5 (4s) 3d       166.268    166.2682   0.001   0.0018  -2.741 2.176E+09 5.82E-01
     -19.134  2.0  1 (3p) 3p      1323.819  3.0  4 (2d) 1f       166.506    166.5060   0.004   0.0057  -2.246 6.820E+09-5.94E-01
      17.874  2.0  1 (1d) 1d      1362.583  1.0  4 (2p) 1p       166.724    166.7237   0.009   0.0122  -1.915 1.467E+10-4.83E-01
     -15.414  0.0  1 (3p) 3p      1353.418  1.0  4 (2p) 3p       169.715    169.7147   0.025   0.0343  -1.465 4.285E+10-6.05E-01
     -15.414  0.0  1 (3p) 3p      1353.527  1.0  5 (4s) 5d       169.728    169.7282   0.002   0.0029  -2.544 3.570E+09-3.63E-01
     -16.528  1.0  1 (3p) 3p      1352.565  2.0  4 (2p) 3f       169.747    169.7470   0.000   0.0006  -3.234 7.300E+08-1.56E-01
     -15.414  0.0  1 (3p) 3p      1353.793  1.0  4 (2p) 3d       169.761    169.7612   0.006   0.0086  -2.065 1.076E+10-4.57E-02
     -16.528  1.0  1 (3p) 3p      1353.388  0.0  4 (2p) 3p       169.849    169.8490   0.022   0.0295  -1.530 3.698E+10 8.78E-01
     -16.528  1.0  1 (3p) 3p      1353.418  1.0  4 (2p) 3p       169.853    169.8527   0.015   0.0206  -1.685 2.584E+10 4.47E-01
     -16.528  1.0  1 (3p) 3p      1353.467  2.0  4 (2p) 3p       169.859    169.8587   0.028   0.0375  -1.425 4.700E+10-3.24E-01
     -16.528  1.0  1 (3p) 3p      1353.525  2.0  5 (4s) 5d       169.866    169.8660   0.002   0.0030  -2.526 3.732E+09-1.94E-01
     -16.528  1.0  1 (3p) 3p      1353.527  1.0  5 (4s) 5d       169.866    169.8662   0.001   0.0007  -3.134 9.187E+08 1.18E-01
     -16.528  1.0  1 (3p) 3p      1353.529  0.0  5 (4s) 5d       169.867    169.8664   0.001   0.0019  -2.720 2.384E+09 8.80E-01
     -16.528  1.0  1 (3p) 3p      1353.789  2.0  4 (2p) 3d       169.899    169.8988   0.010   0.0142  -1.848 1.778E+10-4.30E-02
     -16.528  1.0  1 (3p) 3p      1353.793  1.0  4 (2p) 3d       169.899    169.8992   0.009   0.0128  -1.894 1.597E+10-8.99E-02
     -16.528  1.0  1 (3p) 3p      1354.471  2.0  4 (2p) 1d       169.984    169.9833   0.001   0.0015  -2.815 1.921E+09-1.60E-02
     -19.134  2.0  1 (3p) 3p      1352.610  3.0  4 (2p) 3f       170.076    170.0756   0.002   0.0021  -2.688 2.576E+09-1.29E-01
     -19.134  2.0  1 (3p) 3p      1353.418  1.0  4 (2p) 3p       170.176    170.1759   0.018   0.0244  -1.613 3.060E+10 4.62E-01
     -19.134  2.0  1 (3p) 3p      1353.467  2.0  4 (2p) 3p       170.182    170.1819   0.047   0.0647  -1.189 8.128E+10 3.30E-01
     -19.134  2.0  1 (3p) 3p      1353.525  2.0  5 (4s) 5d       170.189    170.1892   0.001   0.0017  -2.772 2.122E+09 1.21E-01
     -19.134  2.0  1 (3p) 3p      1353.527  1.0  5 (4s) 5d       170.190    170.1894   0.001   0.0014  -2.867 1.707E+09 3.48E-01
     -19.134  2.0  1 (3p) 3p      1353.789  2.0  4 (2p) 3d       170.222    170.2219   0.012   0.0170  -1.771 2.132E+10-1.04E-01
     -19.134  2.0  1 (3p) 3p      1353.793  1.0  4 (2p) 3d       170.223    170.2223   0.001   0.0016  -2.797 2.006E+09-1.02E-01
     -19.134  2.0  1 (3p) 3p      1354.098  3.0  4 (2p) 3d       170.260    170.2602   0.025   0.0348  -1.458 4.377E+10-4.91E-02
     -19.134  2.0  1 (3p) 3p      1354.471  2.0  4 (2p) 1d       170.307    170.3064   0.001   0.0007  -3.127 9.388E+08-1.66E-02
     -15.414  0.0  1 (3p) 3p      1358.988  1.0  5 (4s) 3d       170.406    170.4053   0.140   0.1911  -0.719 2.408E+11-8.53E-01
     -16.528  1.0  1 (3p) 3p      1358.909  2.0  5 (4s) 3d       170.534    170.5335   0.306   0.4191  -0.378 5.288E+11-8.60E-01
     -16.528  1.0  1 (3p) 3p      1358.988  1.0  5 (4s) 3d       170.544    170.5433   0.105   0.1436  -0.843 1.812E+11-8.58E-01
     -19.134  2.0  1 (3p) 3p      1357.582  3.0  4 (2p) 1f       170.692    170.6922   0.004   0.0058  -2.237 7.322E+09-3.67E-01
      71.298  0.0  1 (1s) 1s      1449.142  1.0  5 (2p) 3d       170.832    170.8320   0.000   0.0004  -3.368 5.432E+08 2.77E-01
     -19.134  2.0  1 (3p) 3p      1358.786  3.0  5 (4s) 3d       170.842    170.8414   0.541   0.7425  -0.129 9.403E+11-8.86E-01
     -15.414  0.0  1 (3p) 3p      1362.583  1.0  4 (2p) 1p       170.851    170.8510   0.001   0.0011  -2.977 1.335E+09 1.04E-01
     -19.134  2.0  1 (3p) 3p      1358.909  2.0  5 (4s) 3d       170.857    170.8567   0.101   0.1393  -0.856 1.765E+11-8.05E-01
     -19.134  2.0  1 (3p) 3p      1358.988  1.0  5 (4s) 3d       170.867    170.8664   0.007   0.0095  -2.023 1.201E+10-7.59E-01
     -16.528  1.0  1 (3p) 3p      1362.583  1.0  4 (2p) 1p       170.989    170.9890   0.000   0.0005  -3.310 6.214E+08 1.19E-01
      71.298  0.0  1 (1s) 1s      1453.216  1.0  5 (2p) 1p       171.337    171.3371   0.195   0.2681  -0.572 3.415E+11 9.72E-01
      17.874  2.0  1 (1d) 1d      1409.668  2.0  5 (2d) 3f       172.562    172.5616   0.000   0.0002  -3.693 2.619E+08 1.56E-01
      17.874  2.0  1 (1d) 1d      1409.806  3.0  5 (2d) 3f       172.579    172.5787   0.000   0.0006  -3.216 7.863E+08 7.04E-01
      17.874  2.0  1 (1d) 1d      1410.025  3.0  5 (2d) 3g       172.606    172.6059   0.000   0.0001  -3.929 1.524E+08 5.80E-02
      17.874  2.0  1 (1d) 1d      1410.791  1.0  5 (2d) 3d       172.701    172.7009   0.004   0.0056  -2.250 7.280E+09-7.82E-01
      17.874  2.0  1 (1d) 1d      1410.918  2.0  5 (2d) 3d       172.717    172.7166   0.000   0.0002  -3.740 2.357E+08-4.27E-01
      17.874  2.0  1 (1d) 1d      1411.438  1.0  5 (2d) 1p       172.781    172.7811   0.043   0.0594  -1.226 7.694E+10-8.81E-01
      17.874  2.0  1 (1d) 1d      1412.097  1.0  5 (2d) 3p       172.863    172.8627   0.001   0.0013  -2.896 1.647E+09 7.90E-01
      17.874  2.0  1 (1d) 1d      1412.978  1.0  5 (2d) 3s       172.972    172.9719   0.000   0.0003  -3.473 4.372E+08-6.50E-01
      17.874  2.0  1 (1d) 1d      1413.992  2.0  5 (2d) 1d       173.098    173.0977   0.236   0.3283  -0.484 4.267E+11 8.76E-01
      17.874  2.0  1 (1d) 1d      1414.907  3.0  5 (2d) 1f       173.211    173.2112   0.419   0.5839  -0.234 7.600E+11-9.23E-01
     -16.528  1.0  1 (3p) 3p      1409.668  2.0  5 (2d) 3f       176.827    176.8269   0.001   0.0009  -3.053 1.201E+09 9.77E-01
     -15.414  0.0  1 (3p) 3p      1410.791  1.0  5 (2d) 3d       176.828    176.8281   0.026   0.0375  -1.426 5.087E+10 7.79E-01
     -15.414  0.0  1 (3p) 3p      1411.438  1.0  5 (2d) 1p       176.909    176.9083   0.002   0.0023  -2.647 3.060E+09-2.98E-01
     -16.528  1.0  1 (3p) 3p      1410.791  1.0  5 (2d) 3d       176.966    176.9662   0.013   0.0185  -1.732 2.520E+10 5.19E-01
     -16.528  1.0  1 (3p) 3p      1410.918  2.0  5 (2d) 3d       176.982    176.9819   0.069   0.0988  -1.005 1.342E+11 9.02E-01
     -15.414  0.0  1 (3p) 3p      1412.097  1.0  5 (2d) 3p       176.990    176.9900   0.026   0.0369  -1.433 5.019E+10 6.76E-01
     -16.528  1.0  1 (3p) 3p      1411.438  1.0  5 (2d) 1p       177.047    177.0464   0.003   0.0046  -2.334 6.304E+09-8.45E-01
     -15.414  0.0  1 (3p) 3p      1412.978  1.0  5 (2d) 3s       177.099    177.0992   0.010   0.0136  -1.865 1.858E+10 5.00E-01
     -16.528  1.0  1 (3p) 3p      1412.082  2.0  5 (2d) 3p       177.126    177.1262   0.026   0.0364  -1.438 4.961E+10 4.99E-01
     -16.528  1.0  1 (3p) 3p      1412.091  0.0  5 (2d) 3p       177.128    177.1274   0.026   0.0371  -1.431 5.044E+10-8.28E-01
     -16.528  1.0  1 (3p) 3p      1412.097  1.0  5 (2d) 3p       177.128    177.1280   0.028   0.0395  -1.404 5.373E+10-8.79E-01
     -19.134  2.0  1 (3p) 3p      1409.668  2.0  5 (2d) 3f       177.150    177.1500   0.000   0.0003  -3.533 3.987E+08 7.69E-01
     -19.134  2.0  1 (3p) 3p      1409.806  3.0  5 (2d) 3f       177.167    177.1671   0.002   0.0026  -2.591 3.495E+09 9.78E-01
     -16.528  1.0  1 (3p) 3p      1412.978  1.0  5 (2d) 3s       177.238    177.2372   0.034   0.0481  -1.318 6.555E+10-6.84E-01
      17.874  2.0  1 (1d) 1d      1447.677  2.0  5 (2p) 3f       177.274    177.2742   0.001   0.0019  -2.716 2.623E+09 8.89E-01
     -19.134  2.0  1 (3p) 3p      1410.791  1.0  5 (2d) 3d       177.290    177.2893   0.000   0.0002  -3.667 2.939E+08 4.36E-02
     -19.134  2.0  1 (3p) 3p      1410.918  2.0  5 (2d) 3d       177.305    177.3050   0.011   0.0155  -1.809 2.116E+10 3.17E-01
     -19.134  2.0  1 (3p) 3p      1411.008  3.0  5 (2d) 3d       177.316    177.3161   0.123   0.1751  -0.757 2.388E+11 9.83E-01
      17.874  2.0  1 (1d) 1d      1448.163  2.0  5 (2p) 3p       177.335    177.3343   0.003   0.0041  -2.385 5.629E+09-8.09E-01
      17.874  2.0  1 (1d) 1d      1448.222  1.0  5 (2p) 3p       177.342    177.3417   0.000   0.0003  -3.574 3.642E+08-7.34E-01
     -16.528  1.0  1 (3p) 3p      1413.992  2.0  5 (2d) 1d       177.363    177.3630   0.000   0.0002  -3.720 2.598E+08 2.62E-01
     -19.134  2.0  1 (3p) 3p      1411.438  1.0  5 (2d) 1p       177.370    177.3695   0.002   0.0024  -2.623 3.254E+09-9.16E-01
      17.874  2.0  1 (1d) 1d      1448.588  2.0  5 (2p) 1d       177.387    177.3870   0.036   0.0511  -1.291 6.982E+10 8.42E-01
     -19.134  2.0  1 (3p) 3p      1412.082  2.0  5 (2d) 3p       177.450    177.4494   0.118   0.1689  -0.772 2.307E+11-9.19E-01
     -19.134  2.0  1 (3p) 3p      1412.097  1.0  5 (2d) 3p       177.451    177.4512   0.026   0.0368  -1.434 5.032E+10-5.33E-01
      17.874  2.0  1 (1d) 1d      1449.191  3.0  5 (2p) 3d       177.462    177.4619   0.002   0.0027  -2.573 3.654E+09 6.42E-01
      17.874  2.0  1 (1d) 1d      1449.234  2.0  5 (2p) 3d       177.467    177.4671   0.008   0.0109  -1.964 1.483E+10 9.24E-01
     -19.134  2.0  1 (3p) 3p      1412.978  1.0  5 (2d) 3s       177.561    177.5604   0.076   0.1091  -0.962 1.493E+11 9.35E-01
      17.874  2.0  1 (1d) 1d      1450.364  3.0  5 (2p) 1f       177.608    177.6073   0.207   0.2950  -0.530 4.038E+11-1.00E+00
     -19.134  2.0  1 (3p) 3p      1413.992  2.0  5 (2d) 1d       177.686    177.6862   0.001   0.0009  -3.068 1.171E+09 2.51E-01
     -19.134  2.0  1 (3p) 3p      1414.907  3.0  5 (2d) 1f       177.800    177.7996   0.002   0.0026  -2.590 3.525E+09-6.27E-01
      17.874  2.0  1 (1d) 1d      1453.216  1.0  5 (2p) 1p       177.961    177.9609   0.005   0.0073  -2.134 1.010E+10-8.15E-01
     -15.414  0.0  1 (3p) 3p      1448.222  1.0  5 (2p) 3p       181.469    181.4690   0.013   0.0186  -1.730 2.661E+10-7.76E-01
     -16.528  1.0  1 (3p) 3p      1447.677  2.0  5 (2p) 3f       181.540    181.5395   0.000   0.0005  -3.325 6.770E+08-6.09E-01
     -15.414  0.0  1 (3p) 3p      1449.142  1.0  5 (2p) 3d       181.583    181.5831   0.033   0.0481  -1.318 6.882E+10-7.99E-01
     -16.528  1.0  1 (3p) 3p      1448.163  2.0  5 (2p) 3p       181.600    181.5996   0.016   0.0237  -1.624 3.398E+10-6.11E-01
     -16.528  1.0  1 (3p) 3p      1448.222  1.0  5 (2p) 3p       181.607    181.6070   0.005   0.0080  -2.098 1.142E+10 4.09E-01
     -16.528  1.0  1 (3p) 3p      1448.246  0.0  5 (2p) 3p       181.610    181.6099   0.009   0.0138  -1.861 1.969E+10 8.49E-01
     -16.528  1.0  1 (3p) 3p      1448.588  2.0  5 (2p) 1d       181.653    181.6523   0.004   0.0052  -2.286 7.412E+09 2.69E-01
     -16.528  1.0  1 (3p) 3p      1449.142  1.0  5 (2p) 3d       181.721    181.7211   0.029   0.0417  -1.380 5.971E+10-9.23E-01
     -16.528  1.0  1 (3p) 3p      1449.234  2.0  5 (2p) 3d       181.733    181.7324   0.064   0.0935  -1.029 1.340E+11-8.31E-01
     -19.134  2.0  1 (3p) 3p      1447.677  2.0  5 (2p) 3f       181.863    181.8626   0.000   0.0002  -3.820 2.174E+08-4.08E-01
     -19.134  2.0  1 (3p) 3p      1447.768  3.0  5 (2p) 3f       181.874    181.8739   0.002   0.0025  -2.603 3.578E+09-5.74E-01
     -19.134  2.0  1 (3p) 3p      1448.163  2.0  5 (2p) 3p       181.923    181.9228   0.017   0.0249  -1.605 3.570E+10 3.31E-01
     -19.134  2.0  1 (3p) 3p      1448.222  1.0  5 (2p) 3p       181.930    181.9301   0.008   0.0110  -1.959 1.577E+10 4.51E-01
     -19.134  2.0  1 (3p) 3p      1448.588  2.0  5 (2p) 1d       181.976    181.9755   0.005   0.0079  -2.101 1.139E+10 4.62E-01
     -19.134  2.0  1 (3p) 3p      1449.142  1.0  5 (2p) 3d       182.045    182.0442   0.002   0.0032  -2.489 4.662E+09-6.70E-01
     -19.134  2.0  1 (3p) 3p      1449.191  3.0  5 (2p) 3d       182.051    182.0503   0.118   0.1725  -0.763 2.481E+11-8.61E-01
     -19.134  2.0  1 (3p) 3p      1449.234  2.0  5 (2p) 3d       182.056    182.0555   0.024   0.0354  -1.451 5.091E+10-7.33E-01
     -15.414  0.0  1 (3p) 3p      1453.216  1.0  5 (2p) 1p       182.088    182.0881   0.000   0.0003  -3.511 4.431E+08 7.61E-02
